44.488
46.244
48.418
49.287
50.879
52.452
54.443
55.593
57.387
58.827
59.966
61.635
63.076
63.737
64.378
65.285
67.718
70.148
70.945
72.365
73.241
75.159
76.851
77.719
78.694
79.640
80.022
81.088
81.968
82.662
83.569
84.156
85.005
85.965
86.817
87.692
88.497
89.621
90.583
91.592
93.951
95.516
96.807
98.617
99.114
100.466
102.662
104.217
106.050
107.684
110.827
112.924
115.321
116.041
116.842
119.472
120.697
122.963
125.926
129.234
130.795
133.320
134.838
139.307
142.593
148.085
149.027
155.824
187.427
192.254
195.091
196.515
197.503
198.508
201.257
203.038
220.342
220.737
227.208
232.081
232.459
232.849
233.995
234.749
263.235
264.168
264.549
264.991
266.514
272.158
274.051
284.861
290.738
298.685
