1341.269
1349.192
1361.377
1369.101
1377.998
1384.575
1387.444
1390.955
1395.289
1397.850
1405.344
1409.743
1417.307
1426.001
1428.837
1431.332
1438.282
1446.769
1452.685
1457.143
1462.788
1467.372
1470.450
1472.337
1474.501
1476.408
1479.094
1482.072
1485.603
1487.368
1489.351
1493.118
1496.337
1499.138
1501.786
1504.016
1506.020
1508.643
1510.577
1513.371
1515.204
1516.997
1519.148
1521.261
1524.738
1528.029
1530.928
1534.903
1539.995
1543.486
1547.418
1550.399
1553.234
1556.568
1561.465
1566.241
1570.771
1576.595
1579.394
1582.539
1585.281
1588.676
1593.852
1597.635
1607.314
1618.504
1624.927
1631.003
1637.573
1647.568
1654.101
1663.314
1666.353
1669.586
1671.734
1676.806
1683.075
1690.098
1694.718
1705.526
1731.275
1738.615
1746.929
1761.401
1776.970
1788.251
1799.633
1808.772
1818.097
1827.830
1852.405
1871.027
1894.169
1926.296
1996.225
