240.951
251.061
256.063
260.251
348.493
390.976
421.290
475.322
517.188
549.321
594.960
613.600
636.955
653.710
664.167
678.839
692.554
709.530
734.493
749.903
758.108
766.909
774.514
787.353
801.213
809.714
821.299
829.942
841.970
851.495
865.287
879.954
891.346
909.495
919.420
930.761
944.564
960.181
973.849
983.423
995.709
1044.906
1053.514
1065.948
1070.932
1077.304
1086.945
1090.159
1115.757
1159.021
1164.346
1201.095
1211.225
1223.778
1249.551
1267.959
1299.748
1310.045
1329.401
1350.900
1358.093
1367.962
1370.792
1398.045
1414.251
1459.617
1553.402
1585.685
1599.701
1660.951
1746.044
1812.685
1860.545
1897.360
1941.696
1966.634
1998.066
2044.661
2076.110
2080.282
2206.897
2272.920
2318.413
2346.498
2366.638
2383.282
2427.352
2430.654
2452.051
2482.428
2515.672
3165.435
3184.175
3205.573
