1848.579
1854.502
1865.012
1875.950
1886.247
1891.818
1900.224
1905.969
1910.951
1916.352
1923.668
1927.392
1935.414
1941.175
1948.528
1956.415
1961.150
1966.846
1973.755
1982.697
1992.403
1998.645
2005.830
2010.147
2016.845
2024.840
2034.372
2043.588
2059.314
2069.763
2081.296
2092.467
2105.857
2115.221
2126.265
2136.948
2143.154
2147.702
2152.748
2164.188
2175.520
2185.309
2193.457
2203.535
2212.844
2219.522
2225.564
2233.917
2241.428
2253.809
2261.726
2268.067
2275.503
2280.861
2286.920
2294.565
2300.886
2308.335
2316.951
2329.275
2336.812
2346.712
2355.350
2365.263
2374.310
2388.355
2398.664
2408.460
2419.266
2429.134
2440.161
2456.233
2468.941
2483.791
2502.837
2517.996
2534.715
2553.687
2570.249
2595.796
2626.552
2667.040
2711.843
2738.850
2777.781
2827.655
2878.529
2977.503
3107.725
3256.244
3549.236
3696.475
4067.890
5592.104
