234.978
252.831
255.904
271.447
276.929
279.339
280.789
282.982
284.314
285.213
286.088
287.022
287.523
287.908
288.708
290.308
291.139
292.608
293.506
294.159
294.640
295.025
295.818
296.026
296.336
296.774
296.942
297.268
297.562
297.802
297.917
298.067
298.446
299.170
299.515
299.690
300.654
301.502
302.075
302.720
303.184
303.826
304.263
304.576
304.990
305.746
306.603
306.825
307.124
307.369
307.938
308.410
309.026
310.200
310.371
310.611
311.042
311.336
311.541
311.862
312.189
312.844
313.900
315.099
316.084
317.101
318.069
318.651
319.369
320.664
322.648
324.466
327.038
330.422
332.019
335.385
338.257
342.765
344.217
348.196
351.307
357.387
365.107
366.733
368.382
374.864
375.942
378.351
383.912
386.317
390.942
397.170
412.796
443.998
458.105
