187.901
193.777
204.572
212.719
218.315
222.727
230.012
235.726
239.327
244.481
252.276
256.317
263.831
269.406
278.160
285.443
292.932
300.486
305.390
316.381
332.013
339.654
349.577
357.649
360.291
365.857
371.882
374.440
378.329
383.537
386.747
390.379
392.974
401.429
409.600
415.064
420.981
424.485
427.641
434.219
447.533
454.235
462.729
465.773
478.934
484.514
490.619
496.728
502.556
514.232
516.696
521.485
530.474
540.030
545.223
553.739
560.683
582.357
605.946
631.526
647.746
709.284
738.225
760.281
788.736
849.879
893.759
921.227
930.753
957.153
1105.689
1140.132
1179.089
1192.620
1205.825
1220.452
1222.806
1226.874
1232.585
1235.775
1242.446
1243.658
1249.150
1252.749
1261.834
1270.894
1284.659
1303.202
1319.189
1351.520
1353.150
1673.440
1705.578
1749.862
