1384.889
1416.850
1454.688
1475.136
1480.206
1481.529
1483.120
1485.259
1488.406
1491.867
1493.931
1496.032
1498.084
1501.188
1503.717
1506.104
1508.436
1510.512
1515.034
1518.355
1521.962
1525.886
1531.534
1540.899
1545.161
1547.362
1552.760
1557.486
1562.082
1565.668
1568.899
1574.377
1578.999
1581.705
1584.167
1587.887
1591.567
1595.411
1597.886
1600.341
1604.631
1607.526
1612.312
1616.080
1618.231
1621.024
1624.381
1630.775
1638.125
1641.408
1645.759
1652.653
1658.954
1666.014
1670.801
1677.698
1684.087
1689.776
1696.231
1699.346
1707.345
1712.438
1714.171
1716.609
1720.539
1725.358
1730.024
1735.031
1739.224
1745.798
1757.826
1765.968
1773.064
1779.247
1786.200
1795.000
1817.351
1826.015
1831.855
1835.715
1853.379
1863.611
1877.804
1895.559
1910.373
1928.559
1943.091
1954.061
1973.129
1984.966
1992.161
2002.033
2023.468
2085.781
2110.964
