54.398
61.617
69.700
79.115
93.258
104.920
119.583
147.496
162.058
182.466
205.498
218.275
228.711
242.287
256.403
269.423
279.171
290.907
298.123
309.144
315.398
325.082
331.236
350.673
357.443
370.340
382.902
389.522
406.914
423.522
436.565
441.971
450.810
456.166
462.651
468.698
484.772
503.577
521.821
529.162
537.289
543.080
554.473
567.311
577.252
603.714
617.189
622.863
631.674
645.458
651.647
676.175
684.513
693.899
695.841
702.870
714.881
725.363
743.220
744.616
750.025
763.220
770.924
776.720
790.934
799.761
822.122
836.714
849.570
868.249
893.663
950.256
965.741
986.774
993.163
1009.319
1034.195
1059.611
1126.436
1155.293
1188.075
1191.017
1193.346
1200.457
1207.222
1268.080
1481.280
1523.353
1526.351
1562.622
2053.224
2171.281
2252.003
2260.360
