496.481
549.990
570.242
597.028
622.602
644.813
656.026
668.831
684.381
695.253
702.511
713.887
728.600
740.722
758.497
772.109
786.544
799.241
806.991
813.275
821.646
835.131
853.859
874.737
891.804
911.204
934.134
954.854
988.448
1035.954
1062.201
1085.949
1112.189
1131.464
1158.732
1173.734
1187.283
1210.051
1226.026
1251.123
1261.030
1268.807
1282.218
1305.016
1322.587
1333.557
1357.410
1376.300
1379.646
1383.511
1401.745
1415.486
1427.443
1454.084
1472.414
1491.873
1524.475
1544.986
1572.787
1592.403
1603.805
1645.146
1650.255
1658.900
1725.862
1761.437
1775.284
1783.642
1864.575
2004.276
2052.958
2066.420
2069.990
2108.808
2115.191
2118.074
2126.873
2143.746
2155.985
2172.265
2197.437
2222.399
2247.016
2252.942
2270.682
2284.773
2356.988
2368.311
2373.767
2379.348
2406.207
2477.859
2494.655
2500.578
2600.466
