251.220
257.795
269.655
272.687
273.912
275.214
276.796
277.854
278.888
280.725
281.701
283.849
285.305
287.058
288.021
289.604
290.976
291.774
293.432
294.701
295.938
296.845
297.484
297.991
298.402
299.902
301.887
302.721
303.344
303.880
304.361
304.978
305.466
305.918
306.424
307.303
308.200
308.527
309.190
309.655
310.357
310.913
311.582
312.353
312.855
313.205
313.723
314.387
315.572
316.271
316.827
317.359
318.207
318.865
319.750
320.961
321.736
322.731
323.441
324.380
325.522
326.435
327.131
328.319
329.145
330.363
331.072
331.603
332.141
332.966
334.237
335.328
336.194
337.083
337.774
338.636
339.776
340.504
341.635
342.648
343.781
345.153
346.315
347.528
348.334
350.190
353.682
355.938
358.891
364.567
369.234
372.510
384.118
396.532
409.967
