1685.070
1728.599
1762.472
1794.260
1810.487
1820.847
1840.593
1852.714
1864.459
1877.506
1886.138
1892.177
1900.795
1911.090
1918.079
1927.085
1943.441
1950.038
1956.444
1962.027
1965.394
1968.166
1971.485
1976.236
1979.701
1984.616
1993.593
1997.561
2003.383
2009.455
2018.027
2024.664
2036.738
2047.127
2052.682
2058.522
2061.895
2068.125
2073.272
2085.040
2090.526
2097.591
2105.740
2110.664
2117.597
2123.956
2129.404
2134.216
2139.495
2145.047
2152.158
2159.016
2167.517
2171.923
2182.366
2191.588
2197.053
2203.443
2213.294
2220.364
2226.959
2234.944
2241.963
2248.687
2254.009
2263.167
2270.944
2282.675
2291.922
2297.574
2307.604
2319.773
2333.810
2353.567
2365.511
2382.974
2398.465
2415.920
2432.251
2450.305
2473.138
2495.922
2512.560
2544.152
2573.977
2622.619
2695.180
2755.722
2795.528
2865.571
3052.085
3366.827
3632.829
5242.747
8490.679
