34.464
38.536
41.766
45.334
50.250
54.350
57.873
59.874
62.066
65.449
67.673
70.536
73.395
74.155
75.924
78.462
80.692
83.653
84.769
85.724
87.048
87.699
88.836
90.089
90.995
91.549
93.001
93.684
94.387
95.396
96.655
98.332
99.164
99.861
101.732
103.972
104.961
105.931
106.608
107.455
109.075
110.576
111.544
112.685
113.258
114.255
114.778
116.292
118.025
118.771
119.223
119.493
120.280
121.363
121.814
123.228
123.765
124.154
126.017
126.882
127.478
128.536
129.916
132.097
133.742
134.139
134.784
137.298
140.442
147.314
154.698
159.767
167.426
168.900
170.224
180.553
183.010
186.332
187.842
191.459
192.027
194.990
204.507
206.691
214.549
246.289
266.815
294.669
297.016
299.124
313.507
415.735
425.852
460.169
