1598.429
1625.533
1650.360
1668.692
1684.120
1701.266
1712.139
1724.329
1728.720
1732.600
1736.256
1739.837
1743.923
1750.374
1755.029
1758.747
1763.875
1768.851
1777.158
1786.432
1789.963
1795.223
1801.556
1805.619
1808.662
1811.314
1815.383
1818.153
1822.104
1825.210
1831.717
1835.698
1839.782
1844.038
1847.696
1853.396
1860.438
1871.762
1879.120
1893.338
1906.052
1912.672
1922.227
1929.381
1940.671
1946.348
1949.173
1953.847
1957.342
1960.818
1966.271
1972.500
1977.839
1980.671
1984.867
1989.532
1992.823
1997.912
2003.823
2007.407
2011.725
2013.839
2016.396
2018.674
2021.385
2022.693
2024.795
2027.661
2031.057
2035.857
2038.167
2040.016
2044.208
2046.603
2049.796
2053.620
2057.506
2061.455
2066.757
2071.908
2075.893
2080.815
2085.663
2091.531
2100.682
2108.783
2118.569
2129.530
2154.040
2220.119
2257.456
2309.506
2549.824
4551.636
