206.653
233.049
246.502
280.713
289.854
302.106
315.662
319.793
325.052
331.677
337.443
346.015
352.370
360.553
367.803
371.276
380.115
388.267
394.518
399.716
408.226
420.235
428.407
433.863
444.731
447.304
450.861
456.140
461.826
467.491
474.928
479.213
485.257
491.309
497.099
501.151
509.364
514.472
524.101
535.480
541.100
549.289
560.668
564.785
572.915
585.388
593.857
606.421
608.828
612.304
627.588
638.116
645.922
650.445
656.132
670.686
687.912
693.481
705.698
712.976
723.506
736.518
746.379
758.973
760.458
763.280
766.495
785.623
790.775
794.233
804.702
810.468
822.286
823.837
838.815
846.754
852.232
870.140
877.785
901.671
918.804
948.336
976.915
986.727
995.822
1022.445
1242.092
1245.413
1260.398
1304.465
1315.444
1340.093
1372.099
1377.317
