275.529
276.805
278.229
279.057
279.776
280.325
281.370
281.997
282.345
282.550
282.790
283.082
283.393
283.556
283.670
283.936
284.273
284.566
284.762
284.954
285.132
285.258
285.407
285.538
285.727
286.327
286.814
287.265
287.557
287.724
288.261
288.639
289.248
289.422
289.543
289.664
289.758
289.890
290.040
290.183
290.431
290.659
291.169
291.394
291.605
291.967
292.790
293.229
294.075
294.292
294.471
294.709
294.887
295.044
295.280
295.585
296.070
296.810
297.133
297.798
299.282
300.165
303.064
303.790
304.098
304.345
304.861
305.157
305.480
305.755
305.998
306.309
306.921
307.208
308.555
309.956
310.798
311.092
311.473
311.793
312.066
312.451
313.006
313.939
315.044
316.226
317.452
320.293
321.453
322.084
323.338
325.875
329.781
342.418
359.815
