30.302
32.196
37.802
40.180
41.454
43.051
45.607
48.799
52.759
54.630
57.996
60.611
64.493
66.227
67.189
68.373
69.315
70.065
70.974
72.749
75.672
76.962
78.586
79.570
82.289
83.238
84.372
85.686
87.032
89.298
90.176
91.420
93.086
94.744
97.884
100.753
103.359
105.230
106.233
107.999
111.310
112.813
116.346
118.239
120.121
121.261
122.365
122.920
124.703
125.378
127.209
128.168
128.645
130.169
132.406
132.996
133.591
134.823
138.547
139.978
141.743
144.091
145.130
150.717
152.300
157.644
159.371
162.704
166.797
176.755
180.762
182.290
182.609
186.794
189.354
192.707
193.160
195.342
201.303
206.363
208.975
216.738
217.471
224.321
224.789
233.635
237.811
255.369
256.144
257.876
330.390
335.662
345.483
347.429
