220.086
240.735
264.549
279.082
313.481
360.793
406.381
420.387
444.968
473.500
483.209
505.946
534.617
552.450
558.669
568.039
574.108
603.341
620.248
628.801
638.441
646.750
662.008
675.644
685.091
697.405
707.783
735.834
745.727
756.364
767.367
774.110
781.893
794.764
809.466
825.857
846.648
877.991
899.442
924.397
931.703
950.506
972.124
990.533
1040.595
1077.241
1091.521
1115.071
1152.977
1188.853
1226.195
1273.719
1337.801
1363.602
1388.397
1405.455
1411.447
1417.809
1442.253
1448.239
1466.647
1477.839
1490.251
1529.592
1548.575
1595.543
1599.631
1604.119
1612.360
1675.850
1681.711
1750.307
1801.148
1838.689
1852.759
1874.504
1902.593
1987.946
2001.570
2038.864
2042.858
2047.216
2052.281
2061.150
2082.218
2101.728
2109.837
2117.351
2175.026
2219.291
2226.946
2323.693
3152.258
3175.180
3209.241
