1289.297
1303.666
1311.922
1315.365
1317.324
1318.597
1320.013
1325.209
1331.247
1334.110
1336.377
1339.640
1345.002
1346.993
1348.913
1353.990
1361.478
1370.220
1379.665
1385.349
1388.945
1390.390
1393.505
1395.657
1396.606
1397.644
1398.274
1399.311
1400.739
1401.588
1402.660
1404.019
1407.617
1409.780
1411.210
1412.265
1414.078
1415.189
1416.794
1419.382
1420.711
1422.270
1423.273
1424.673
1426.071
1427.393
1428.796
1429.816
1431.196
1432.085
1433.373
1434.267
1434.919
1435.455
1436.358
1437.304
1437.984
1438.867
1440.822
1441.921
1442.550
1443.318
1444.257
1445.172
1446.358
1447.581
1448.538
1453.921
1456.745
1462.240
1466.458
1473.208
1476.896
1480.156
1481.788
1487.633
1493.122
1498.349
1501.789
1505.063
1507.101
1513.528
1520.023
1534.464
1538.534
1548.632
1552.400
1565.062
1575.771
1585.669
1597.951
1607.762
1615.355
1629.451
