31.728
34.147
36.555
40.302
42.224
43.100
44.169
45.861
47.546
49.540
51.205
52.109
53.005
54.392
55.886
57.378
58.556
59.862
60.890
62.187
63.121
64.356
64.786
65.856
66.934
68.878
70.633
71.552
72.688
73.855
74.490
75.254
76.598
78.176
79.230
81.191
83.308
86.039
87.182
89.276
90.278
91.529
94.373
96.248
98.351
100.170
103.142
104.656
107.796
109.490
110.686
112.482
112.850
114.388
116.383
117.224
117.696
120.753
123.656
127.083
137.295
139.546
153.976
157.763
163.990
168.706
173.898
177.727
179.209
185.273
190.673
191.059
191.414
196.997
199.119
204.346
206.951
213.341
218.384
222.736
227.455
234.611
241.172
245.286
249.511
252.643
259.674
260.939
262.966
266.557
268.522
269.048
283.782
289.204
294.347
