263.578
266.143
267.528
269.685
270.230
271.720
273.453
274.608
275.724
276.409
277.868
278.792
279.332
279.924
280.831
281.687
283.153
285.093
287.587
288.443
289.694
290.519
291.412
292.075
292.725
293.343
293.585
294.047
294.830
295.278
295.670
296.237
296.800
297.244
297.903
298.489
299.110
299.635
300.834
301.341
301.795
302.304
302.990
303.446
304.066
305.002
306.334
307.103
307.828
308.339
309.108
309.689
310.347
311.166
311.784
312.648
313.771
314.558
315.509
316.436
317.359
318.381
318.970
319.683
320.772
322.062
323.021
324.440
325.500
326.684
326.988
327.926
328.551
329.191
330.168
331.136
331.883
333.024
333.717
334.474
335.606
336.477
337.473
338.811
340.173
341.569
343.197
344.675
346.067
347.336
348.752
350.343
352.023
357.086
