160.424
200.154
215.888
230.418
246.945
256.343
262.165
265.573
273.528
282.003
287.678
293.156
296.358
304.354
309.273
315.263
319.810
327.770
336.383
344.737
350.612
353.942
357.628
360.638
369.005
372.588
381.555
388.874
395.692
404.777
409.996
416.635
422.507
427.122
435.989
445.826
451.868
457.992
463.173
468.171
475.913
486.929
492.344
507.498
519.647
529.902
532.217
541.757
559.193
567.556
594.693
600.423
607.567
608.547
616.907
622.101
628.997
644.060
675.421
693.117
702.100
704.121
713.467
737.176
741.880
768.102
789.099
795.913
846.043
885.490
905.573
929.159
941.024
974.256
1043.563
1099.906
1103.754
1132.293
1143.500
1145.532
1150.347
1162.120
1168.180
1177.303
1200.717
1203.754
1204.378
1227.251
1400.830
1415.253
1415.872
1423.123
1444.696
1479.146
