1733.328
1736.959
1746.068
1751.611
1756.445
1759.280
1762.009
1767.290
1771.065
1774.877
1779.290
1783.456
1787.935
1794.588
1798.569
1804.206
1808.724
1811.279
1817.321
1827.119
1834.655
1840.142
1844.506
1853.762
1861.075
1869.718
1890.057
1909.450
1920.537
1925.420
1929.535
1936.203
1941.535
1945.810
1948.989
1951.385
1955.407
1960.782
1965.092
1969.373
1972.331
1976.465
1980.490
1983.687
1986.652
1991.451
1997.275
2003.933
2006.993
2010.391
2012.805
2015.570
2017.047
2019.970
2023.139
2026.491
2029.283
2032.691
2036.143
2039.221
2042.148
2045.539
2049.964
2055.067
2059.586
2066.631
2070.563
2076.378
2080.274
2086.093
2095.386
2102.415
2110.783
2123.046
2144.929
2164.981
2180.020
2188.557
2200.996
2217.590
2235.374
2251.706
2269.256
2284.764
2316.909
2363.931
2385.951
2409.555
2428.696
2446.815
2646.305
2818.851
3059.540
3466.668
5140.715
