1333.497
1339.624
1341.595
1348.612
1351.475
1353.463
1355.252
1357.444
1359.972
1362.196
1363.924
1366.215
1368.015
1369.293
1373.981
1375.234
1376.930
1378.816
1380.620
1381.903
1384.270
1385.332
1387.024
1388.465
1390.426
1392.629
1394.031
1395.198
1396.400
1398.576
1399.982
1401.128
1401.757
1402.784
1404.989
1408.224
1409.434
1410.604
1412.014
1413.401
1416.015
1418.393
1420.385
1423.155
1425.156
1427.966
1432.133
1435.098
1437.550
1439.918
1443.368
1446.025
1448.669
1451.456
1454.293
1457.465
1461.588
1463.347
1466.229
1468.046
1469.430
1471.436
1473.189
1475.284
1478.137
1480.596
1482.508
1484.524
1485.850
1487.671
1489.123
1490.945
1492.309
1494.396
1495.858
1497.987
1500.974
1503.969
1505.518
1507.752
1510.246
1513.083
1515.369
1518.125
1521.801
1526.935
1531.041
1535.256
1539.702
1548.879
1554.760
1566.767
1585.685
1603.565
1636.105
