458.618
474.527
489.869
511.963
526.150
541.995
553.785
576.402
585.325
599.896
606.961
619.155
629.559
641.187
656.048
667.657
684.874
697.883
708.248
723.775
733.123
761.486
790.799
802.609
812.120
841.585
861.885
874.203
880.837
893.843
906.737
929.478
942.890
952.991
963.976
977.654
998.074
1034.845
1051.649
1080.658
1087.604
1108.716
1126.036
1140.607
1159.326
1201.353
1234.432
1267.236
1335.977
1358.202
1366.507
1404.671
1433.893
1466.920
1485.297
1490.148
1498.596
1513.267
1529.881
1539.698
1542.123
1562.601
1584.302
1597.169
1621.796
1631.191
1655.775
1697.097
1706.520
1712.892
1731.631
1770.650
1822.779
1827.913
1863.302
1883.418
1894.584
1928.968
1933.182
1954.650
1984.106
1992.918
2012.787
2025.457
2058.712
2118.039
2252.537
2287.177
2360.287
2459.849
2531.717
2598.646
2608.128
2639.936
