265.767
268.993
271.476
272.383
274.153
274.912
276.222
276.953
279.059
281.175
281.842
282.419
282.926
283.701
284.308
284.837
286.008
287.632
289.075
289.689
290.621
291.609
292.705
293.884
294.603
295.178
295.559
295.952
296.420
297.047
297.968
298.822
299.867
300.320
301.150
301.709
302.638
303.415
304.066
304.866
306.054
306.765
308.342
309.948
310.946
311.650
312.355
313.004
313.819
314.378
314.871
315.573
316.148
316.750
317.332
317.998
319.337
320.475
321.678
322.299
323.083
323.919
324.752
325.311
325.776
326.344
327.628
328.334
329.114
329.740
330.259
330.767
331.435
332.273
333.229
334.216
335.155
336.675
337.790
339.216
341.393
343.070
344.738
346.401
349.637
353.560
358.404
364.295
368.848
379.602
382.598
395.944
408.256
420.565
