448.898
462.068
485.025
510.226
545.558
565.397
579.972
596.695
606.401
618.837
645.923
655.385
672.372
688.908
700.435
741.984
758.320
767.055
786.147
801.898
808.969
820.973
827.662
847.871
864.488
896.904
908.905
918.790
933.012
951.615
968.195
990.987
997.944
1019.678
1036.153
1056.790
1067.769
1086.179
1112.209
1137.455
1146.233
1163.882
1176.978
1191.170
1199.026
1206.597
1228.767
1244.231
1263.951
1267.913
1289.712
1300.496
1310.126
1325.737
1337.485
1355.621
1383.327
1410.470
1425.527
1457.442
1477.625
1489.830
1508.390
1530.599
1549.378
1554.917
1566.399
1570.165
1588.504
1605.602
1635.156
1672.338
1691.562
1718.104
1743.547
1793.520
1823.954
1912.687
1929.610
1980.685
1983.473
2033.085
2190.351
2471.161
2479.262
2486.507
2520.333
2527.687
2538.685
2661.323
2719.560
2763.403
3064.217
3148.726
3225.846
