1605.453
1633.940
1681.071
1735.238
1764.576
1779.904
1793.464
1819.345
1840.933
1859.115
1865.626
1872.828
1882.902
1892.686
1902.002
1919.841
1932.393
1939.436
1948.468
1963.282
1974.231
1987.346
1995.517
2004.708
2013.844
2030.357
2038.761
2044.123
2050.700
2058.104
2064.348
2070.142
2080.260
2088.212
2095.920
2105.884
2115.082
2123.823
2132.831
2137.070
2143.018
2148.314
2152.482
2158.751
2166.697
2173.741
2184.889
2192.354
2197.996
2205.779
2210.499
2219.330
2230.996
2241.815
2247.889
2260.078
2273.571
2283.123
2295.257
2303.530
2314.749
2325.842
2337.508
2355.179
2366.135
2372.252
2378.818
2388.564
2397.864
2412.170
2427.686
2441.065
2453.104
2463.572
2475.113
2488.450
2511.330
2528.389
2539.452
2558.712
2567.718
2591.921
2619.606
2655.074
2700.253
2752.391
2785.787
2867.550
2986.979
3099.644
3290.412
3544.406
3983.856
5477.874
15345.263
