1355.369
1364.366
1368.846
1386.860
1400.842
1407.391
1415.908
1420.656
1425.351
1428.453
1431.847
1437.011
1441.215
1448.341
1454.292
1459.540
1464.319
1468.882
1472.256
1477.462
1481.741
1485.215
1488.589
1490.631
1494.149
1497.908
1500.864
1503.711
1505.710
1509.003
1511.578
1515.346
1520.011
1524.680
1527.845
1531.448
1535.736
1540.738
1543.221
1545.272
1549.710
1555.302
1558.172
1561.248
1566.621
1571.868
1577.014
1581.801
1586.315
1589.678
1594.713
1598.512
1604.862
1617.528
1622.245
1628.432
1633.703
1644.069
1653.194
1662.909
1668.226
1676.197
1679.315
1682.706
1688.886
1693.955
1700.586
1705.006
1712.122
1717.262
1721.334
1725.266
1728.972
1735.239
1738.844
1741.487
1749.822
1756.648
1760.013
1765.186
1770.299
1774.815
1777.792
1791.245
1799.712
1806.754
1816.985
1836.607
1852.155
1871.601
1902.683
1950.535
1989.946
2027.286
2096.983
