27.857
30.125
33.189
36.817
40.509
41.888
44.575
48.652
53.365
56.955
58.219
60.201
62.348
63.298
65.390
68.016
69.734
71.227
74.800
77.452
79.025
80.570
83.797
85.546
86.600
88.785
89.777
91.293
91.792
94.100
95.222
96.633
97.312
98.051
98.835
99.301
100.104
100.697
101.575
102.426
104.130
104.423
105.709
106.770
107.323
108.049
108.567
109.394
110.300
110.773
111.835
112.529
113.363
115.414
117.770
120.307
122.889
124.431
127.133
129.439
133.394
134.965
138.041
138.757
141.231
143.665
149.114
156.922
164.826
166.232
170.734
172.373
173.065
181.863
182.578
183.865
186.438
190.689
191.606
195.794
196.868
197.374
202.279
216.247
216.828
221.479
250.722
254.432
340.587
341.748
346.269
349.789
353.047
356.498
357.807
