163.147
198.816
212.772
224.849
237.432
246.515
264.636
271.779
280.668
287.003
293.012
301.024
313.963
321.475
336.819
342.324
346.622
354.028
360.871
374.502
381.214
399.291
407.685
420.496
429.546
443.838
457.804
467.391
478.445
491.764
502.009
508.510
514.183
519.376
522.873
535.944
554.290
568.521
576.815
589.723
594.769
600.226
606.064
619.213
626.272
636.275
656.470
667.588
683.262
699.270
725.742
732.475
737.258
747.950
760.431
771.314
784.024
790.375
798.824
805.828
806.807
819.650
836.066
849.759
891.742
906.821
913.764
928.108
960.682
1015.826
1057.328
1064.024
1129.743
1136.340
1146.611
1152.744
1169.208
1189.417
1218.980
1274.201
1308.195
1345.755
1376.151
1464.489
1543.555
1550.930
1569.319
1570.948
1578.855
1608.730
1615.523
1631.681
1655.833
1683.172
1712.192
