1815.071
1831.975
1855.542
1862.726
1866.672
1870.629
1873.877
1877.002
1880.810
1888.953
1896.589
1904.227
1909.047
1917.595
1923.017
1928.016
1932.387
1938.956
1952.982
1966.593
1976.660
1985.163
1998.318
2016.448
2027.232
2039.870
2051.652
2057.127
2062.784
2067.573
2071.495
2079.238
2090.562
2100.005
2109.281
2114.157
2121.552
2130.489
2139.787
2148.731
2156.330
2162.013
2168.958
2174.187
2181.694
2193.172
2199.325
2208.834
2214.150
2219.505
2230.109
2239.427
2253.657
2267.891
2277.035
2286.981
2295.961
2306.650
2311.025
2320.720
2333.633
2345.431
2351.625
2359.273
2370.303
2384.416
2401.523
2422.770
2433.584
2450.419
2466.350
2482.808
2504.257
2523.452
2537.140
2556.776
2574.341
2601.789
2632.289
2658.527
2682.172
2706.089
2738.256
2800.248
2847.181
2933.054
3075.023
3160.599
3352.874
3574.735
3788.753
5108.556
5345.416
8638.778
