259.590
269.040
269.705
270.292
272.417
273.770
276.553
276.886
277.733
280.446
281.309
281.721
282.338
283.898
284.646
285.122
285.509
286.342
286.773
287.172
287.920
288.144
288.458
288.728
289.034
289.425
289.914
290.310
290.747
291.370
291.935
292.488
293.100
293.531
294.047
295.000
295.806
296.296
296.647
296.912
297.244
297.387
297.538
297.755
298.041
298.500
299.131
300.073
300.819
301.812
303.268
303.814
304.855
305.942
306.358
306.681
307.308
307.653
309.041
310.043
310.815
311.629
312.181
313.018
314.010
314.726
316.078
318.916
321.148
323.204
325.556
327.306
330.625
334.373
337.024
338.462
339.423
340.038
340.874
342.129
345.541
346.289
352.704
355.315
356.725
365.475
366.383
366.729
367.327
368.295
369.784
373.638
378.628
384.275
401.230
