1382.835
1384.651
1387.121
1392.674
1395.921
1403.988
1407.008
1410.161
1412.209
1414.773
1417.227
1418.757
1422.404
1423.647
1424.521
1427.319
1431.684
1434.939
1438.108
1442.786
1444.756
1446.154
1450.272
1453.162
1458.667
1463.603
1465.586
1467.311
1469.333
1475.722
1480.218
1485.264
1490.357
1494.075
1497.621
1500.190
1504.070
1507.142
1509.745
1512.634
1515.455
1518.318
1520.987
1524.567
1528.589
1531.788
1534.405
1536.409
1539.062
1540.953
1542.606
1544.907
1547.658
1549.898
1552.748
1555.194
1557.411
1558.896
1560.581
1563.134
1566.097
1568.370
1571.184
1573.835
1575.848
1578.264
1580.655
1583.830
1586.996
1588.461
1591.827
1597.266
1602.283
1604.613
1608.315
1611.619
1614.215
1615.985
1618.743
1622.473
1625.531
1627.612
1632.360
1640.278
1644.488
1653.565
1664.500
1670.635
1675.104
1683.807
1695.123
1720.229
1744.495
1771.097
