41.968
43.164
46.223
48.304
50.495
53.715
55.603
58.967
61.055
62.595
64.384
66.627
68.142
69.983
71.711
72.806
74.343
75.692
76.658
78.655
79.246
80.771
82.480
83.302
84.671
85.800
86.764
88.970
92.196
95.090
96.936
97.847
99.025
101.342
102.259
103.284
104.563
105.917
107.444
108.558
109.971
110.567
111.023
112.641
114.973
115.694
117.312
118.964
120.018
121.602
122.337
124.588
125.132
127.928
129.059
131.344
132.578
132.773
133.114
134.071
134.697
135.441
136.402
137.597
138.416
139.741
146.020
147.031
148.695
152.474
153.702
160.089
162.542
167.333
172.776
187.244
194.178
196.766
202.789
205.654
209.404
210.855
212.390
217.889
225.845
228.837
234.299
235.086
278.000
283.320
286.920
339.844
346.392
354.153
