258.746
323.693
362.343
376.295
402.814
474.485
516.101
540.196
568.828
588.435
630.699
667.425
689.371
716.274
758.755
772.516
795.511
805.648
815.651
829.682
858.256
891.998
906.371
918.924
942.213
952.123
962.585
996.413
1012.217
1040.289
1052.756
1075.545
1083.447
1101.779
1131.985
1162.733
1178.808
1202.934
1221.369
1238.971
1269.884
1279.357
1319.058
1326.075
1346.104
1357.827
1373.598
1379.289
1415.614
1445.909
1470.072
1505.690
1555.855
1580.795
1616.209
1622.549
1623.362
1635.629
1639.052
1653.693
1659.770
1673.347
1681.654
1688.872
1711.072
1714.619
1726.929
1749.637
1755.214
1770.963
1773.908
1789.783
1831.169
1850.041
1864.731
1878.171
1912.994
2033.023
2101.090
2114.290
2137.288
2151.100
2179.975
2184.218
2216.854
2249.944
2283.648
2316.024
2350.579
2399.534
2572.409
3111.162
3226.053
3292.881
