118.435
148.681
160.357
167.491
187.773
218.082
231.810
239.596
248.690
255.051
269.351
277.231
292.210
308.446
314.957
322.731
348.282
355.873
366.377
377.474
388.694
399.447
413.183
423.923
430.511
434.495
436.565
443.868
447.729
457.385
464.163
473.646
488.733
503.019
515.208
533.326
548.957
560.754
566.650
572.624
580.252
587.678
596.945
604.736
632.676
647.473
662.107
670.198
686.217
703.831
706.987
719.159
748.856
768.868
772.016
781.384
799.235
803.852
812.027
815.846
825.958
827.992
835.011
841.887
856.283
881.054
907.697
921.405
925.349
932.402
944.857
949.057
951.734
959.688
966.546
971.381
990.353
1023.210
1101.816
1211.783
1231.155
1247.094
1257.116
1271.259
1298.376
1661.063
1687.739
1696.762
1703.015
1713.343
1724.606
1741.645
1798.164
1838.212
