226.107
233.047
235.841
243.111
260.340
266.319
269.454
272.236
274.171
274.946
276.162
277.393
278.441
279.860
280.474
281.293
281.828
282.700
284.507
287.211
290.575
291.961
293.035
293.889
294.413
295.339
295.879
296.374
297.084
297.560
298.236
298.881
300.013
301.890
302.610
303.254
303.727
304.254
304.909
305.403
305.750
306.356
306.868
307.812
308.942
309.805
310.520
311.034
311.555
312.024
312.402
313.014
313.674
314.385
314.913
315.414
315.870
316.256
316.677
317.505
318.378
319.360
320.587
321.724
322.732
324.012
324.734
325.544
326.436
327.745
328.734
329.398
330.858
331.545
333.042
334.039
335.314
339.869
343.808
348.095
350.226
352.433
356.109
359.458
365.559
367.452
369.737
371.144
372.564
380.609
383.029
384.516
397.831
445.955
456.103
