1744.718
1765.296
1787.873
1809.140
1819.244
1832.167
1838.301
1842.988
1846.704
1852.331
1857.492
1865.111
1868.642
1872.904
1878.113
1881.757
1885.721
1890.800
1892.994
1896.321
1900.114
1902.880
1905.596
1909.244
1913.679
1919.246
1925.243
1932.004
1938.076
1941.719
1945.618
1949.711
1955.049
1959.258
1963.377
1966.142
1969.098
1971.947
1978.282
1985.849
1993.490
1998.889
2005.421
2009.709
2021.943
2032.313
2038.157
2042.255
2047.383
2058.712
2063.220
2070.070
2075.623
2081.955
2096.517
2104.418
2108.831
2115.781
2125.379
2131.690
2140.212
2147.917
2155.623
2164.969
2172.679
2178.117
2196.952
2202.607
2207.789
2218.121
2228.949
2239.514
2256.859
2271.674
2288.043
2304.045
2325.323
2332.270
2339.660
2352.152
2364.085
2393.030
2413.111
2450.738
2482.728
2557.689
2645.824
2729.046
2799.180
2882.403
3019.203
3325.783
3632.914
5167.999
8626.942
