1624.047
1644.562
1664.972
1687.510
1707.035
1722.953
1734.467
1740.888
1746.301
1755.680
1762.067
1773.304
1779.987
1787.808
1795.350
1808.353
1818.602
1826.593
1833.814
1844.583
1854.548
1872.269
1877.769
1886.513
1895.120
1902.655
1910.645
1918.464
1932.774
1949.399
1964.024
1971.477
1987.113
1997.902
2007.004
2020.930
2036.503
2044.212
2050.675
2057.229
2067.216
2075.296
2082.825
2096.650
2106.416
2117.293
2123.107
2130.779
2138.029
2150.799
2161.766
2168.979
2179.043
2192.086
2203.174
2210.233
2217.765
2228.863
2235.140
2242.847
2250.263
2260.026
2268.040
2274.409
2284.974
2292.936
2305.022
2316.147
2323.873
2333.966
2347.399
2357.377
2364.447
2372.542
2384.398
2394.768
2411.224
2425.945
2437.511
2455.854
2472.102
2501.488
2520.835
2548.138
2589.224
2627.463
2671.083
2710.185
2740.194
2806.148
2920.678
3180.148
3397.001
3709.681
5583.870
