1322.111
1330.075
1333.975
1340.429
1344.597
1347.501
1352.524
1354.588
1359.187
1364.139
1367.275
1378.300
1382.554
1386.365
1390.041
1395.651
1397.700
1401.786
1405.389
1408.720
1411.656
1423.804
1430.631
1436.736
1442.949
1446.332
1453.553
1460.415
1467.375
1470.593
1473.495
1477.179
1480.246
1484.778
1485.806
1486.789
1487.769
1488.881
1490.593
1493.882
1495.689
1500.463
1503.394
1507.934
1510.286
1513.735
1519.747
1525.388
1528.763
1534.032
1537.811
1542.844
1548.047
1551.027
1555.899
1558.190
1560.647
1563.203
1565.473
1568.256
1573.131
1578.774
1585.564
1588.734
1590.234
1592.539
1597.800
1603.590
1606.315
1608.818
1611.317
1615.620
1619.269
1621.098
1626.587
1640.742
1650.133
1656.134
1661.932
1668.049
1681.074
1690.021
1699.069
1709.068
1717.970
1722.050
1725.407
1734.640
1755.112
1770.972
1779.609
1796.155
1856.530
1938.404
