1352.240
1361.066
1366.809
1369.145
1371.198
1374.063
1378.690
1382.844
1385.257
1386.941
1389.279
1391.595
1395.884
1399.976
1403.223
1406.191
1410.846
1413.498
1416.635
1418.703
1421.369
1424.745
1427.660
1431.496
1434.304
1440.198
1444.536
1449.348
1451.983
1453.274
1455.714
1458.886
1463.256
1465.052
1467.665
1469.689
1471.371
1475.179
1477.938
1479.447
1483.581
1486.414
1488.323
1490.353
1494.318
1500.729
1508.461
1511.055
1519.736
1521.494
1525.344
1528.295
1531.920
1536.517
1539.533
1543.799
1546.323
1551.301
1553.313
1556.164
1558.640
1563.062
1564.971
1566.764
1568.139
1569.646
1571.442
1575.210
1579.178
1583.861
1597.278
1608.266
1616.443
1622.303
1626.652
1630.771
1637.960
1649.728
1668.000
1676.165
1700.176
1713.205
1734.939
1750.206
1757.386
1772.005
1782.691
1809.017
1833.989
1861.491
1882.391
1900.219
1939.183
1968.405
