280.995
281.321
281.491
281.631
281.698
281.874
282.036
282.252
282.394
282.608
283.415
283.848
284.167
284.979
285.623
285.863
286.052
286.220
286.464
286.737
286.994
287.078
287.260
287.363
287.511
287.737
287.946
288.224
288.358
288.513
288.679
288.828
289.041
289.282
289.720
290.688
290.902
291.055
291.136
291.291
291.459
291.621
291.757
291.854
292.042
292.166
292.473
292.683
292.827
293.061
293.215
293.428
293.691
293.854
294.133
294.419
294.692
295.054
295.493
295.890
296.187
296.423
297.003
297.352
297.617
297.864
298.085
298.485
299.121
299.264
299.603
299.934
300.206
300.351
300.499
300.703
301.072
302.561
303.868
305.166
305.759
306.541
306.992
307.816
310.460
311.718
314.072
319.756
330.380
341.498
350.587
367.282
370.098
382.619
394.121
