41.490
44.779
48.028
50.005
52.583
53.997
55.872
57.589
58.529
60.654
63.277
64.846
66.709
69.388
70.045
72.352
73.882
76.303
77.685
78.942
80.501
81.639
82.261
83.337
84.671
86.297
88.431
89.209
90.613
92.422
95.148
97.495
98.495
100.363
102.834
104.310
105.462
108.500
113.069
116.191
117.861
119.355
120.266
123.253
123.963
126.059
128.043
130.973
132.236
133.156
138.127
141.152
142.377
144.576
145.755
146.616
148.176
149.308
150.563
152.192
152.913
154.453
155.545
157.483
158.423
159.520
161.206
162.518
170.559
178.863
179.163
179.653
180.962
182.151
184.282
186.480
189.111
190.590
202.186
209.820
213.975
214.821
219.331
221.761
223.809
224.462
227.884
230.768
231.816
239.224
261.385
325.901
330.831
333.057
