45.379
49.596
54.505
62.670
71.688
82.567
112.272
164.763
192.741
204.496
219.408
229.726
243.376
253.768
262.475
269.727
278.368
289.154
297.429
303.267
308.181
314.690
319.074
328.483
333.952
339.110
343.913
349.418
356.561
363.763
369.140
375.185
380.222
386.444
390.938
395.538
406.276
410.636
425.049
440.410
445.635
452.301
460.975
471.108
479.696
490.354
500.366
509.177
525.506
537.055
550.516
557.651
567.694
587.495
599.784
609.568
642.120
675.719
698.755
704.414
727.290
752.083
763.783
780.398
794.779
804.425
882.000
887.481
914.101
922.893
941.101
975.983
978.956
1007.923
1019.225
1054.559
1080.329
1107.070
1145.844
1162.834
1178.854
1212.820
1243.935
1263.787
1290.159
1316.781
1319.226
1330.524
1487.673
1504.819
1505.730
1841.671
1901.351
1947.053
1953.007
