257.992
263.167
265.959
269.364
270.356
271.881
274.193
276.231
277.449
278.350
280.138
281.655
283.158
283.961
285.285
286.327
287.721
288.678
289.468
290.246
291.431
292.382
293.300
294.031
294.575
295.383
295.906
296.635
297.410
298.154
298.572
299.166
299.746
300.364
301.007
301.803
302.198
302.865
303.507
304.031
305.157
305.560
306.351
306.940
308.018
308.950
309.548
310.452
311.605
312.528
313.079
314.155
314.815
315.339
316.322
317.417
318.485
319.300
320.145
321.046
321.799
322.320
323.124
323.631
324.166
324.759
325.543
326.454
327.287
328.074
328.967
330.094
330.831
331.616
332.491
333.396
334.189
335.407
336.283
337.628
338.856
340.028
340.523
341.130
341.517
342.024
342.525
343.346
344.468
346.241
347.849
350.045
352.513
353.904
371.377
