314.314
324.391
343.345
366.791
390.037
404.835
424.251
435.628
464.187
481.615
504.461
523.237
539.268
563.378
575.033
589.188
603.893
622.163
631.698
648.728
666.135
674.820
685.470
699.773
707.330
717.206
727.839
742.257
754.514
765.085
773.920
791.867
802.189
817.162
827.905
845.198
851.193
856.617
868.619
875.357
885.902
904.300
917.775
949.084
976.991
1000.840
1016.836
1034.813
1050.152
1072.029
1082.027
1088.483
1095.076
1098.943
1123.404
1151.999
1169.349
1178.048
1189.706
1204.652
1233.237
1249.572
1299.020
1351.525
1441.084
1520.548
1545.376
1947.494
2055.210
2318.460
2339.890
2350.632
2387.177
2391.963
2416.065
2416.886
2423.848
2425.632
2443.853
2467.323
2478.993
2506.843
2535.872
2585.459
2624.769
2945.460
2974.123
3020.407
3060.799
3080.126
3106.725
3159.512
3214.090
3228.628
3249.064
