1358.023
1363.407
1366.743
1369.632
1371.832
1374.128
1378.010
1381.927
1384.833
1389.756
1393.121
1397.239
1401.845
1404.775
1410.992
1416.350
1417.833
1421.234
1422.634
1424.428
1426.009
1427.545
1429.793
1433.462
1436.158
1444.561
1450.463
1454.285
1457.596
1459.312
1461.135
1463.348
1466.638
1469.845
1475.462
1479.481
1484.488
1490.173
1492.439
1496.122
1498.430
1499.604
1502.186
1503.967
1505.644
1507.165
1508.384
1510.586
1512.265
1513.368
1514.309
1515.891
1517.669
1520.357
1522.746
1526.208
1527.537
1529.120
1533.398
1539.581
1541.671
1543.626
1545.892
1548.511
1554.853
1559.934
1563.176
1566.318
1569.051
1571.748
1578.142
1582.317
1585.299
1588.014
1590.482
1595.016
1598.685
1604.254
1610.684
1614.727
1620.702
1625.036
1632.775
1641.038
1649.420
1653.083
1672.279
1682.718
1702.466
1716.821
1751.197
1797.787
1863.223
1925.864
