1684.071
1701.586
1720.764
1746.284
1773.181
1798.580
1828.245
1857.400
1879.396
1890.351
1898.300
1907.439
1919.313
1923.061
1928.383
1932.783
1935.465
1942.442
1949.063
1956.347
1963.350
1973.774
1981.463
1986.248
1996.101
2003.182
2008.627
2013.057
2015.866
2019.816
2024.496
2029.786
2039.064
2047.284
2053.956
2061.109
2065.222
2070.402
2078.816
2083.390
2087.038
2090.997
2094.417
2100.969
2105.973
2109.097
2111.178
2115.291
2119.899
2124.365
2131.304
2139.676
2147.921
2154.002
2158.323
2164.005
2170.616
2174.658
2184.606
2193.352
2198.162
2203.292
2207.423
2212.757
2217.351
2221.822
2230.143
2236.006
2241.407
2248.652
2258.431
2271.835
2279.250
2291.679
2301.944
2310.908
2326.786
2343.561
2356.373
2379.817
2397.104
2417.175
2434.514
2454.305
2477.290
2512.206
2549.271
2603.060
2668.377
2802.310
2899.575
3003.787
3289.066
3843.373
5243.099
