1769.169
1774.642
1779.832
1783.750
1792.308
1807.136
1820.774
1832.948
1842.653
1858.904
1887.319
1897.521
1909.327
1921.163
1939.166
1958.365
1972.019
1980.996
1990.651
1997.950
2008.998
2017.546
2023.672
2027.637
2037.870
2041.208
2047.824
2056.397
2065.515
2073.646
2079.299
2086.970
2092.567
2099.339
2104.618
2110.559
2116.488
2122.462
2126.961
2132.319
2138.348
2149.408
2158.453
2163.569
2170.616
2176.793
2189.318
2201.054
2221.621
2245.749
2255.907
2264.937
2275.905
2292.680
2312.312
2327.544
2347.121
2364.285
2377.235
2398.214
2411.364
2428.898
2448.456
2460.393
2470.729
2483.996
2489.918
2495.301
2499.020
2503.000
2511.398
2521.567
2538.353
2559.487
2588.544
2618.393
2645.867
2667.280
2688.784
2724.164
2760.756
2774.043
2807.761
2842.832
2877.412
2904.564
2944.365
3030.930
3128.544
3297.709
3404.495
3845.085
5241.862
5804.315
