49.948
53.370
56.642
57.801
59.622
60.861
63.858
65.579
67.903
72.187
73.654
74.208
74.770
75.435
76.383
78.117
79.856
80.740
82.514
83.275
84.657
85.241
86.138
86.608
87.722
88.950
90.236
90.991
91.522
92.261
93.642
94.885
95.211
96.201
96.900
98.110
99.305
100.320
100.949
101.666
102.761
104.039
104.686
106.488
107.457
108.574
110.849
113.358
114.325
117.169
120.111
122.409
123.532
125.278
127.820
128.914
130.671
134.216
134.764
137.605
138.938
141.507
142.129
144.658
146.007
148.787
151.262
152.117
153.693
154.043
154.675
155.726
156.090
156.897
157.459
160.682
165.044
167.675
180.670
183.015
190.881
194.103
199.385
202.647
216.110
218.453
225.220
226.724
228.866
273.546
276.484
276.915
279.514
281.935
283.111
