1365.285
1378.480
1385.713
1392.065
1393.697
1395.926
1399.035
1401.121
1403.144
1405.414
1407.765
1408.651
1409.448
1410.387
1412.716
1414.988
1417.144
1419.188
1420.584
1422.046
1424.101
1426.602
1428.975
1431.288
1434.783
1436.717
1439.157
1440.849
1443.050
1446.788
1449.360
1450.510
1453.604
1456.534
1460.007
1462.239
1466.665
1469.924
1472.289
1473.967
1475.616
1478.379
1483.394
1487.588
1490.134
1493.220
1496.918
1499.089
1502.902
1505.066
1509.587
1512.644
1515.273
1521.386
1531.686
1539.496
1544.272
1548.405
1551.858
1555.677
1557.496
1559.845
1562.373
1564.345
1566.940
1570.660
1575.586
1579.778
1584.497
1588.415
1591.582
1598.353
1612.517
1619.617
1625.072
1629.395
1633.581
1637.728
1641.196
1652.254
1660.527
1667.504
1686.451
1696.674
1703.795
1709.583
1715.062
1726.934
1738.154
1752.296
1772.933
1785.262
1825.744
1863.002
