187.893
191.847
198.076
205.060
214.013
220.396
226.083
230.821
235.220
242.620
248.982
252.672
258.055
264.172
271.230
276.158
279.172
282.685
289.112
291.830
294.914
300.930
309.088
316.658
322.633
326.667
329.048
333.694
338.464
342.093
348.562
364.562
371.256
375.100
376.858
382.054
386.166
389.983
401.339
411.936
416.348
423.606
438.062
450.676
457.902
462.700
468.234
476.392
487.360
493.305
497.678
507.909
511.858
521.162
531.349
550.613
567.925
587.011
598.617
615.161
634.497
650.825
668.500
698.657
720.831
734.615
756.619
830.725
834.968
936.987
964.137
1002.955
1028.573
1055.298
1115.193
1131.262
1161.235
1173.805
1187.129
1222.348
1231.495
1234.514
1246.803
1265.728
1267.499
1268.033
1268.584
1269.126
1270.943
1291.726
1302.504
1304.624
1464.542
1511.787
1550.639
