251.892
276.068
338.987
360.814
385.925
429.876
447.351
509.252
541.676
570.710
591.614
617.466
647.753
673.120
684.235
694.488
702.408
710.926
730.132
749.382
766.969
790.384
814.706
820.786
831.630
840.808
855.643
879.928
891.571
915.465
941.657
953.652
961.941
973.805
987.298
1005.577
1029.656
1045.945
1052.152
1069.246
1097.022
1118.854
1129.008
1135.172
1148.468
1161.683
1186.293
1203.495
1235.399
1256.698
1263.295
1282.970
1287.826
1306.023
1331.713
1355.824
1396.996
1447.998
1451.970
1475.694
1491.632
1532.804
1552.943
1559.524
1584.073
1677.492
1682.559
1702.739
1760.229
1781.776
1814.209
1857.659
1879.296
1961.095
1971.135
2011.252
2052.743
2128.823
2228.942
2307.445
2310.380
2346.662
2396.296
2424.756
2427.588
2464.650
2509.583
2544.274
2544.937
2552.220
2561.964
2565.740
2569.222
2590.866
