274.690
276.618
277.174
277.387
277.593
277.758
278.042
278.431
278.660
278.782
278.924
279.118
279.331
279.819
280.137
280.368
280.648
280.922
280.998
281.129
281.298
281.454
281.615
281.739
281.816
281.903
281.984
282.159
282.278
282.490
282.658
282.830
283.250
284.611
285.154
285.547
286.058
286.906
288.060
289.325
289.696
290.059
290.419
290.583
290.839
291.024
291.307
291.453
291.551
291.648
291.706
291.771
291.875
291.942
292.060
292.246
292.562
293.003
293.407
293.710
293.856
294.149
294.400
295.041
297.025
297.207
299.004
299.846
300.239
300.582
300.926
301.131
301.578
303.015
304.881
309.227
309.979
312.263
312.930
314.058
315.168
316.133
317.739
322.368
324.810
326.367
328.536
332.103
337.465
338.412
341.192
349.782
363.536
365.573
400.191
