1383.607
1385.666
1387.877
1391.584
1409.387
1411.808
1415.759
1417.481
1419.168
1422.527
1425.619
1429.394
1435.570
1439.819
1441.729
1443.217
1447.227
1448.503
1450.048
1451.643
1453.666
1454.851
1455.776
1457.134
1458.868
1460.381
1462.044
1463.929
1466.948
1469.782
1471.601
1475.852
1478.670
1481.254
1484.910
1489.090
1492.619
1497.068
1500.229
1503.644
1505.870
1508.768
1512.984
1519.923
1524.247
1526.679
1528.611
1530.347
1531.646
1533.315
1534.961
1537.499
1541.214
1544.818
1546.969
1550.491
1553.614
1557.936
1560.341
1565.703
1569.633
1572.385
1576.549
1581.169
1585.260
1588.974
1591.607
1597.276
1600.240
1605.239
1608.202
1611.461
1615.133
1619.749
1627.277
1631.081
1636.410
1642.640
1647.849
1657.032
1666.377
1671.422
1676.597
1682.196
1688.994
1707.098
1710.910
1720.035
1730.759
1743.723
1752.774
1781.015
1807.345
1838.996
