525.787
549.233
576.771
628.484
667.938
682.345
707.905
724.758
753.277
774.673
800.032
822.501
845.967
862.474
877.848
887.851
911.041
920.017
932.805
948.222
958.853
972.415
988.249
998.648
1014.808
1021.530
1028.548
1033.715
1055.754
1071.263
1083.429
1101.000
1114.713
1134.773
1149.303
1167.233
1178.159
1185.440
1194.700
1200.022
1206.791
1215.253
1228.888
1243.634
1255.212
1264.511
1273.803
1288.579
1301.941
1307.575
1323.555
1332.042
1346.393
1362.248
1400.994
1421.499
1432.675
1439.136
1463.333
1474.943
1491.887
1503.229
1523.031
1556.315
1579.854
1595.507
1614.713
1629.979
1673.051
1678.878
1692.416
1704.894
1787.476
1806.264
1825.921
1888.383
1902.485
1928.106
1942.044
1949.372
1967.227
1973.236
2046.008
2058.927
2072.833
2131.615
2213.907
2232.836
2530.615
2564.213
2604.846
3028.426
3092.537
3095.962
