141.928
151.063
165.204
187.380
209.485
230.606
240.813
257.647
275.224
296.170
313.905
330.390
340.363
357.899
366.645
376.064
388.853
395.907
401.594
415.929
429.562
438.573
444.040
448.427
458.804
467.188
484.306
492.087
497.968
502.241
512.566
518.625
526.530
540.067
555.163
559.687
566.156
573.518
578.462
582.097
590.097
597.304
602.165
609.014
615.474
622.599
626.932
634.594
640.101
649.931
657.779
664.220
670.446
681.966
689.103
695.329
702.040
706.209
718.294
728.166
742.463
754.206
765.332
768.557
771.373
784.705
794.002
802.439
813.931
816.020
819.492
823.814
830.950
847.232
862.414
879.512
895.552
905.075
922.556
928.595
929.744
942.934
959.359
1019.139
1058.581
1180.506
1255.497
1417.475
1518.522
1520.356
1946.089
2034.303
2061.751
2088.588
