56.592
59.257
61.645
64.250
66.224
69.062
70.546
72.754
74.410
76.467
78.768
80.154
82.363
83.804
85.302
86.860
88.847
90.546
92.749
93.770
95.618
97.413
99.693
100.956
103.287
104.803
106.266
107.939
111.360
112.433
115.095
115.992
117.308
118.825
120.281
120.711
121.323
122.824
124.242
125.262
125.617
127.536
128.710
129.502
131.029
131.917
132.574
133.091
134.164
135.391
136.480
137.016
137.553
138.955
139.532
140.998
141.400
142.547
144.809
146.665
147.857
150.195
153.287
154.711
156.501
159.771
162.658
164.677
167.995
168.612
169.379
173.085
173.944
174.330
175.412
179.393
180.436
181.966
183.053
188.777
193.355
195.287
199.166
199.732
200.466
205.974
228.441
245.514
250.640
253.314
259.262
264.532
393.039
393.888
