1784.405
1799.394
1809.057
1813.997
1820.957
1833.617
1841.033
1855.092
1864.136
1870.268
1876.391
1880.352
1885.427
1890.888
1899.710
1907.824
1916.980
1925.091
1933.962
1944.244
1953.781
1960.194
1967.117
1975.967
1985.338
1991.864
2000.760
2008.960
2015.941
2020.577
2030.538
2039.454
2045.892
2051.904
2055.826
2060.519
2068.048
2078.202
2085.993
2091.210
2097.798
2104.461
2114.647
2123.971
2129.307
2137.170
2153.829
2166.047
2175.655
2182.897
2191.028
2202.707
2213.690
2223.766
2233.931
2240.833
2249.705
2265.198
2273.645
2283.470
2299.810
2309.539
2321.485
2330.933
2340.953
2352.728
2361.858
2376.568
2388.306
2402.854
2412.420
2424.609
2441.400
2455.150
2469.892
2483.948
2495.384
2513.493
2537.265
2567.921
2589.586
2621.158
2671.818
2713.229
2756.987
2803.882
2847.484
2918.866
3013.073
3100.273
3339.182
3573.394
4042.057
5576.431
