269.087
272.391
274.922
277.643
280.381
281.769
283.326
285.100
286.392
287.503
288.330
289.616
291.298
294.645
296.015
297.398
298.204
299.695
300.419
300.901
301.211
301.952
302.278
302.741
303.043
303.415
304.099
304.715
305.203
305.762
306.801
308.011
308.633
309.404
309.920
310.705
311.024
311.625
312.125
312.585
313.255
314.291
315.018
315.610
316.274
317.305
318.508
320.024
321.095
322.257
323.040
323.943
325.235
326.679
328.507
329.221
330.238
331.666
333.393
334.371
334.908
335.389
336.275
336.893
337.562
338.244
339.027
339.825
340.718
341.376
342.052
342.633
343.280
343.555
343.840
344.361
345.628
346.643
347.672
348.419
349.323
350.108
351.355
352.168
352.857
354.022
354.767
356.556
358.206
361.223
365.216
368.653
372.255
373.841
381.292
