266.568
268.296
269.207
270.563
271.443
272.803
273.169
275.029
276.249
276.530
277.255
278.000
278.398
278.627
278.839
279.438
280.450
280.785
281.043
281.538
281.637
282.142
282.505
282.865
283.158
283.397
283.713
286.156
286.386
287.404
288.692
289.407
290.915
292.232
292.496
293.560
293.906
294.150
294.387
294.589
295.040
295.594
297.280
297.764
298.527
299.062
299.574
300.383
300.649
301.428
301.779
302.454
303.819
304.364
304.612
304.986
305.486
306.403
307.166
307.575
307.883
308.163
308.975
309.346
310.128
312.896
315.050
316.679
317.897
319.164
320.613
321.602
322.533
324.358
324.724
325.225
326.418
327.473
328.182
332.136
347.223
350.883
357.116
359.637
362.373
368.431
369.924
372.223
373.717
375.015
383.216
385.491
387.243
389.224
409.159
