1721.345
1743.470
1761.927
1790.387
1813.487
1828.861
1843.060
1858.692
1867.607
1877.679
1885.304
1894.760
1907.039
1919.507
1927.585
1936.939
1943.495
1948.552
1955.622
1959.584
1962.916
1966.207
1971.029
1976.561
1980.573
1985.119
1989.390
1999.638
2005.029
2008.769
2016.214
2020.577
2027.444
2032.885
2038.945
2044.162
2049.967
2054.605
2062.102
2071.578
2081.095
2087.404
2093.665
2098.803
2102.974
2110.129
2114.784
2121.416
2126.872
2133.928
2142.537
2148.750
2153.784
2159.229
2166.667
2172.322
2179.041
2187.854
2195.627
2201.146
2207.456
2213.557
2219.042
2227.190
2235.545
2239.726
2243.649
2248.414
2253.643
2267.789
2276.153
2285.764
2293.225
2302.616
2313.298
2322.722
2331.779
2339.823
2348.567
2365.099
2380.995
2395.559
2410.885
2430.648
2450.397
2480.167
2504.413
2536.836
2609.154
2670.554
2783.195
2909.924
3051.577
3413.587
5115.740
