1336.697
1350.101
1361.097
1364.901
1370.284
1375.575
1380.664
1384.251
1385.532
1388.083
1392.026
1394.435
1396.687
1401.795
1403.256
1405.485
1407.454
1410.176
1413.694
1419.233
1422.958
1427.256
1429.315
1430.623
1436.272
1440.273
1442.037
1446.371
1449.984
1457.935
1464.715
1468.574
1473.692
1478.005
1482.128
1486.897
1490.730
1492.465
1495.667
1500.363
1502.333
1505.782
1511.042
1513.394
1518.207
1524.051
1528.545
1533.837
1537.522
1543.194
1551.835
1559.803
1567.288
1571.642
1579.558
1580.891
1584.454
1588.873
1591.337
1595.654
1600.804
1604.725
1609.898
1615.274
1618.425
1620.646
1624.022
1626.921
1630.326
1635.316
1639.798
1642.916
1646.053
1650.210
1656.981
1661.351
1664.046
1666.734
1668.461
1670.323
1674.332
1682.580
1689.472
1694.425
1706.249
1711.684
1721.355
1724.583
1738.927
1753.917
1769.759
1777.959
1813.281
1829.370
