44.674
47.121
48.958
51.090
52.023
53.323
54.899
55.260
56.879
58.929
60.484
63.553
64.710
66.471
68.714
70.246
71.814
72.955
73.667
75.764
78.257
79.635
80.934
81.581
83.964
85.086
85.727
87.082
88.806
91.371
92.816
93.954
94.938
97.465
98.793
100.024
101.665
102.397
103.843
105.461
106.834
107.487
108.698
109.386
110.270
111.418
112.396
113.430
114.342
115.148
117.375
118.112
119.483
120.634
123.884
124.669
126.383
127.906
131.536
133.396
136.014
137.753
139.934
141.221
141.904
144.385
147.766
161.485
165.282
169.600
181.704
185.168
186.722
188.272
195.714
197.452
198.394
201.120
201.438
203.275
204.707
205.709
210.718
211.635
212.334
218.342
222.579
226.590
227.818
230.563
232.657
235.801
273.014
277.423
283.928
