104.062
128.199
157.497
165.739
178.777
203.398
225.839
241.931
259.578
269.951
286.391
309.280
318.071
326.843
333.461
338.558
349.549
362.289
369.132
379.898
387.334
397.731
412.792
425.435
432.195
441.891
456.060
470.260
478.924
489.101
506.502
517.773
526.822
533.214
541.501
551.161
559.730
562.604
565.356
569.404
574.588
581.937
591.877
599.602
601.585
603.464
608.873
613.181
616.717
623.698
631.298
635.380
642.735
655.168
667.095
674.463
684.770
691.108
701.028
707.305
715.170
721.884
723.870
733.812
747.005
751.056
759.930
771.820
773.698
777.134
779.789
785.420
805.082
821.971
840.703
852.457
869.150
900.961
908.666
936.729
951.532
955.897
971.697
989.534
1081.783
1125.406
1129.899
1156.953
1188.981
1451.236
1501.591
2079.623
2195.803
2238.271
2367.669
