296.813
335.214
356.856
376.066
393.746
411.154
438.719
461.472
484.388
511.579
540.805
555.650
591.364
614.211
634.156
655.468
681.598
698.421
723.106
737.910
749.742
766.471
786.308
807.041
824.111
841.238
853.787
884.880
904.954
920.161
929.599
948.448
975.106
981.804
1006.443
1065.789
1082.775
1102.917
1136.824
1157.323
1167.746
1184.696
1197.862
1207.194
1225.109
1232.327
1255.228
1264.216
1275.609
1287.237
1296.543
1317.952
1340.910
1385.275
1399.677
1433.264
1460.906
1472.113
1516.125
1533.097
1555.649
1605.275
1609.483
1613.241
1631.037
1633.660
1643.145
1650.542
1677.303
1769.161
1922.714
1989.316
2041.643
2071.560
2081.294
2106.779
2109.390
2131.529
2179.277
2184.423
2192.998
2207.433
2223.108
2259.446
2343.821
2365.123
2387.702
2449.380
2454.389
2459.699
2544.766
2986.832
3246.187
3309.322
3396.878
