1818.406
1832.476
1845.711
1852.770
1859.240
1864.542
1872.578
1876.955
1884.490
1890.663
1897.554
1903.003
1910.577
1919.414
1926.592
1936.676
1950.105
1958.452
1962.408
1967.957
1975.686
1985.650
1991.806
1998.967
2002.705
2008.850
2015.589
2021.229
2029.191
2037.596
2043.090
2050.644
2056.649
2062.187
2067.470
2072.145
2077.212
2084.771
2091.264
2100.707
2109.740
2115.529
2128.451
2135.056
2141.940
2150.694
2161.367
2170.356
2181.109
2194.064
2207.569
2213.422
2218.618
2229.358
2241.658
2257.377
2271.104
2282.826
2293.353
2306.831
2318.451
2335.056
2347.968
2362.153
2375.966
2389.404
2402.448
2410.247
2423.583
2438.127
2457.397
2476.106
2493.730
2508.852
2543.645
2558.148
2585.669
2642.342
2689.445
2730.682
2756.389
2801.598
2838.876
2909.236
2931.118
2992.839
3081.983
3209.777
3518.036
3631.958
3846.359
4999.459
5432.565
8802.601
