1387.459
1392.009
1394.755
1398.782
1401.372
1404.664
1407.556
1410.284
1413.063
1418.939
1422.070
1424.787
1435.834
1440.793
1444.087
1449.627
1452.613
1455.735
1458.455
1459.758
1460.768
1461.826
1463.569
1466.079
1474.404
1477.290
1478.531
1480.440
1482.053
1484.109
1485.932
1487.921
1490.567
1492.996
1494.748
1497.799
1500.410
1501.880
1503.976
1505.536
1508.686
1510.615
1514.021
1516.948
1522.941
1524.307
1526.661
1530.454
1532.561
1534.230
1536.483
1537.867
1539.690
1542.216
1544.672
1548.005
1551.895
1554.519
1556.409
1557.579
1561.334
1564.056
1568.127
1572.761
1576.900
1582.085
1586.386
1593.191
1595.610
1599.084
1605.153
1609.314
1613.487
1616.627
1621.209
1626.881
1630.524
1635.499
1642.231
1646.501
1648.580
1656.346
1659.335
1664.741
1670.327
1676.889
1682.807
1697.632
1708.887
1721.268
1739.738
1760.673
1810.681
1864.615
