27.591
29.975
31.500
34.193
36.015
36.939
37.886
39.143
40.352
42.268
43.740
47.230
48.644
51.855
53.346
56.813
58.241
59.648
61.802
63.559
64.978
66.237
67.287
68.944
70.603
72.603
74.609
75.678
76.419
77.776
79.246
81.279
82.391
83.631
85.424
86.662
88.162
88.773
90.549
92.360
94.638
98.771
101.679
103.302
105.456
107.965
109.180
110.088
111.509
113.138
113.644
114.231
114.885
117.162
118.229
120.237
121.600
124.219
126.414
127.058
129.735
131.024
131.810
134.219
135.398
139.399
140.745
143.977
148.720
167.084
171.303
174.726
184.645
186.878
190.189
191.727
193.778
197.903
202.392
203.643
204.592
205.953
208.075
208.972
213.403
214.933
296.189
302.477
309.056
317.737
365.264
374.078
381.577
394.013
