249.928
250.546
252.395
256.997
257.638
261.901
265.430
265.976
273.672
274.224
274.720
275.538
275.814
275.964
276.082
276.143
276.342
276.532
276.818
277.133
277.894
278.664
279.298
279.635
279.752
279.916
280.045
280.215
280.242
280.309
280.376
280.432
280.530
280.611
280.701
280.872
280.981
281.177
281.347
281.574
281.677
281.788
281.921
282.155
282.284
282.385
282.512
282.692
282.859
282.974
283.143
283.364
283.572
283.784
284.009
284.182
284.352
284.568
284.828
285.062
285.289
285.978
286.240
286.381
286.494
286.601
286.715
286.786
286.942
287.010
287.107
287.238
287.379
287.515
287.713
288.168
289.008
289.387
289.560
289.769
290.092
290.394
290.684
290.888
291.064
291.846
319.778
329.840
335.114
338.652
343.076
346.012
353.162
426.813
461.811
