204.505
220.134
240.372
251.216
266.857
275.935
286.538
292.652
298.429
306.756
313.212
325.262
337.017
346.697
354.880
359.733
366.376
374.837
386.364
391.448
398.339
404.957
408.265
414.851
420.800
424.606
435.294
440.360
445.313
450.800
456.333
466.436
471.849
478.172
490.150
494.009
503.910
509.238
519.776
527.839
539.367
545.875
550.507
559.875
565.041
572.478
583.798
598.374
607.635
628.763
644.323
650.322
662.732
669.918
678.026
687.044
701.266
712.287
719.909
726.445
735.532
750.602
783.317
801.707
809.797
818.792
827.086
839.502
871.507
877.384
883.665
898.100
901.458
909.878
916.375
924.995
942.121
953.467
962.596
998.249
1018.972
1038.112
1069.941
1164.152
1172.087
1222.283
1308.263
1317.257
1333.557
1341.755
1411.873
1453.125
1488.329
1544.960
1550.888
