19.822
21.661
23.056
24.710
27.577
28.739
30.760
33.277
34.833
36.743
38.303
40.222
41.828
44.093
46.097
47.584
48.665
50.874
52.655
54.714
58.432
61.314
64.046
65.560
67.021
68.828
70.244
71.678
73.658
74.828
76.395
78.241
79.484
81.119
83.271
84.460
85.277
87.099
89.147
89.628
91.413
92.745
94.922
96.158
100.128
102.040
104.458
107.395
112.555
113.746
115.341
116.127
116.984
117.964
118.805
121.017
124.651
127.790
128.532
131.413
134.932
141.640
147.747
153.101
156.631
170.514
182.045
192.804
194.752
196.252
198.279
203.295
209.778
210.343
214.691
221.423
221.728
227.425
232.100
263.363
266.068
266.756
270.259
273.730
275.529
276.248
277.146
278.454
279.167
280.721
333.406
338.393
343.770
350.113
