1281.725
1289.808
1350.457
1359.980
1367.404
1373.840
1377.041
1379.322
1381.024
1383.450
1384.967
1386.391
1389.331
1392.602
1394.124
1396.083
1397.327
1399.786
1402.212
1404.083
1406.510
1409.553
1410.796
1412.373
1414.960
1416.573
1418.004
1419.211
1420.637
1423.567
1426.769
1428.632
1430.080
1433.840
1436.862
1438.740
1440.482
1442.083
1444.113
1447.411
1450.747
1453.132
1454.690
1455.991
1457.426
1459.096
1461.193
1464.030
1466.502
1468.201
1469.690
1471.733
1473.838
1476.596
1478.911
1480.374
1482.840
1485.342
1487.440
1491.487
1494.151
1497.727
1502.434
1507.643
1513.137
1516.320
1519.428
1523.434
1527.739
1530.087
1533.441
1538.522
1541.565
1544.688
1548.485
1556.933
1559.533
1565.757
1570.494
1575.448
1581.340
1585.581
1589.109
1594.438
1599.297
1606.276
1610.279
1622.369
1632.564
1642.666
1649.223
1654.821
1676.827
1708.098
1749.667
