78.009
89.598
106.729
116.023
178.418
210.076
234.391
260.307
286.597
310.198
333.682
350.118
363.107
376.175
390.701
405.247
412.445
414.952
421.237
425.096
427.780
436.548
442.756
448.861
452.280
458.674
463.472
466.375
469.437
476.140
485.636
491.364
501.534
508.949
513.864
523.592
525.977
529.941
538.267
545.838
551.188
553.862
558.823
562.465
566.064
573.470
585.930
588.162
597.961
603.916
621.956
627.944
631.647
644.766
666.376
685.548
699.777
712.652
722.260
727.610
731.934
741.484
749.028
759.951
770.167
776.451
798.893
804.499
811.874
818.771
836.848
841.005
851.082
873.746
884.493
893.678
912.829
969.901
1012.099
1028.680
1033.687
1046.847
1061.308
1076.681
1095.032
1129.559
1161.988
1262.399
1289.148
1324.756
1855.138
1894.143
1929.445
1986.263
