268.872
269.514
271.493
272.774
273.608
274.117
274.536
274.940
275.578
276.155
276.551
276.959
277.401
278.046
278.562
279.027
279.387
280.139
281.069
281.620
282.408
283.896
284.615
285.898
286.638
290.182
291.612
292.464
293.081
293.973
295.465
296.483
297.148
297.827
298.229
298.473
298.701
298.980
299.253
299.799
300.571
301.769
302.449
303.602
305.570
306.458
307.240
308.340
309.145
309.905
310.464
310.935
311.662
312.542
313.336
314.471
315.594
316.324
317.394
318.922
320.077
320.808
321.710
322.353
322.868
323.365
323.875
324.324
324.824
325.375
325.904
326.450
327.026
327.971
329.385
329.987
330.690
331.334
332.130
333.196
333.821
334.928
335.995
336.613
337.438
338.356
339.463
340.694
341.821
343.114
344.423
349.155
353.025
357.548
370.733
