1534.315
1552.078
1579.340
1654.772
1718.187
1759.310
1783.154
1803.431
1816.700
1829.948
1839.978
1847.137
1854.708
1864.947
1872.162
1881.383
1885.862
1891.448
1897.034
1901.619
1906.753
1910.994
1917.809
1922.238
1925.156
1929.396
1933.969
1937.975
1940.785
1943.213
1947.038
1951.359
1957.302
1961.459
1965.615
1969.690
1974.717
1977.463
1981.529
1986.174
1991.985
1998.266
2001.669
2005.255
2009.905
2016.749
2022.020
2027.242
2033.140
2036.971
2040.037
2043.140
2046.009
2052.195
2056.521
2061.447
2067.551
2073.052
2078.611
2087.178
2090.234
2095.486
2109.713
2118.437
2126.101
2136.291
2147.694
2156.963
2164.220
2175.594
2185.406
2201.479
2212.800
2226.132
2240.746
2252.883
2272.809
2294.408
2309.835
2325.165
2341.116
2350.642
2371.817
2388.005
2412.536
2437.247
2493.099
2546.860
2640.967
2703.349
2773.085
2854.680
3112.637
3895.624
8399.460
