308.240
355.513
390.509
411.627
430.075
452.826
467.460
488.439
511.202
530.442
545.663
555.835
575.590
592.322
603.989
620.706
639.225
661.735
682.858
692.484
716.141
737.898
749.669
770.308
782.996
786.870
810.651
828.814
843.631
862.922
892.371
910.874
916.882
928.165
946.087
955.334
962.329
996.621
1010.156
1032.311
1046.646
1069.175
1097.667
1117.277
1130.222
1182.036
1191.596
1231.414
1254.069
1267.854
1307.097
1319.358
1342.587
1349.980
1368.195
1371.596
1393.113
1398.626
1440.409
1449.880
1452.222
1483.631
1514.349
1521.967
1534.056
1561.079
1594.078
1656.570
1692.643
1704.486
1715.625
1868.047
1873.906
1988.163
2012.538
2016.118
2051.725
2076.337
2078.870
2092.336
2115.720
2171.928
2248.220
2375.561
2432.394
2445.243
2477.688
2541.157
2578.854
2759.210
2794.672
2849.227
2999.619
3046.329
3125.729
