264.315
266.405
270.338
271.699
273.779
275.103
276.583
278.552
279.659
280.681
283.202
286.036
288.985
289.739
291.646
292.789
293.985
295.540
297.422
298.582
299.305
300.268
301.076
301.783
302.371
302.880
303.235
303.497
303.813
304.190
304.489
304.796
305.328
305.595
305.894
306.218
306.583
307.042
307.254
307.591
307.891
308.214
309.019
309.716
310.307
311.093
311.725
312.771
313.773
315.136
316.029
316.486
317.562
318.842
319.444
320.101
321.194
322.366
323.046
323.466
324.501
325.599
326.705
327.327
327.942
328.807
329.956
331.065
333.299
335.527
337.229
337.683
338.173
338.511
339.186
339.954
340.971
341.906
343.338
344.948
346.919
348.129
348.924
350.223
351.602
353.167
355.449
357.114
359.464
360.724
361.741
364.087
375.447
382.424
