183.176
201.295
220.384
242.345
266.425
297.491
318.863
350.649
371.324
416.194
431.454
450.491
460.834
484.906
506.396
541.144
572.947
591.119
618.237
647.053
661.498
683.625
696.755
726.435
743.603
780.624
792.431
801.045
809.371
821.232
827.957
833.397
842.942
846.309
854.890
869.227
879.887
895.006
908.044
917.268
931.436
943.734
958.482
986.880
1003.084
1009.579
1026.166
1036.728
1062.344
1093.614
1107.228
1128.933
1144.817
1168.157
1194.777
1211.540
1219.106
1251.540
1262.716
1279.420
1338.594
1350.893
1396.789
1449.943
1490.661
1531.834
1610.182
1838.625
1845.851
2012.745
2052.710
2060.391
2093.754
2110.765
2121.034
2125.115
2135.895
2153.130
2172.719
2182.816
2336.917
2390.635
2416.337
2433.431
2581.876
2586.319
2787.541
2827.187
2864.655
2906.648
2947.905
2979.035
3236.636
3318.193
3343.325
