1779.465
1784.904
1793.008
1801.210
1817.792
1830.389
1839.172
1851.552
1864.875
1877.260
1890.441
1903.431
1912.659
1919.991
1925.460
1932.542
1941.463
1951.852
1958.433
1966.355
1982.761
1993.440
2001.563
2011.893
2022.379
2036.614
2045.559
2054.997
2062.938
2067.584
2073.330
2078.951
2085.643
2089.146
2094.027
2098.888
2108.068
2113.150
2121.206
2128.503
2133.237
2140.704
2147.952
2156.971
2164.965
2179.896
2191.225
2202.021
2210.529
2220.453
2231.000
2237.858
2248.283
2256.648
2263.807
2273.981
2282.417
2295.742
2306.877
2313.545
2321.805
2340.446
2355.467
2376.877
2395.340
2420.052
2435.761
2451.012
2466.947
2475.814
2491.235
2500.509
2515.487
2533.949
2552.274
2577.296
2613.867
2640.889
2665.154
2683.543
2704.139
2738.746
2813.025
2884.664
2911.239
2930.247
2989.986
3077.511
3147.932
3294.142
3404.467
3547.038
3776.267
5255.264
8608.982
