1379.146
1380.764
1382.884
1384.776
1386.807
1388.773
1390.711
1393.736
1394.962
1396.644
1398.014
1401.796
1403.794
1406.164
1407.205
1408.900
1410.253
1411.520
1412.345
1414.287
1418.243
1419.337
1420.667
1426.064
1428.156
1432.713
1434.838
1437.100
1438.607
1439.751
1441.734
1444.508
1447.997
1450.336
1453.969
1457.324
1460.150
1462.495
1465.220
1467.336
1472.261
1473.698
1475.471
1477.009
1480.008
1482.553
1483.765
1485.863
1488.086
1491.602
1494.560
1497.797
1501.637
1504.061
1505.875
1507.645
1511.661
1516.545
1519.748
1522.652
1526.170
1527.874
1531.015
1533.830
1536.138
1538.639
1541.962
1544.187
1546.355
1548.847
1550.204
1551.216
1552.672
1554.807
1557.830
1559.270
1561.413
1562.938
1564.937
1566.300
1570.330
1574.146
1581.076
1585.214
1590.166
1592.365
1595.788
1600.946
1604.790
1617.319
1628.672
1642.044
1668.763
1704.328
