41.624
43.028
45.759
50.051
54.087
56.524
58.685
59.243
61.114
63.215
65.155
67.347
68.954
69.529
70.196
72.163
73.389
74.450
75.818
77.303
78.962
81.263
82.640
84.599
86.511
87.624
89.149
89.914
91.376
92.377
93.338
94.131
95.525
96.756
98.010
100.472
101.992
102.632
103.713
105.010
106.282
108.396
109.039
110.845
112.472
113.590
115.776
119.566
121.569
123.298
123.942
124.451
127.254
127.962
129.517
131.097
132.714
133.154
134.395
136.008
136.811
137.829
138.748
139.855
144.720
145.902
149.791
151.618
153.355
155.570
156.656
157.929
158.617
160.043
162.028
163.641
166.006
169.054
186.860
200.634
204.398
216.427
219.810
225.133
263.675
264.658
268.253
279.657
283.890
284.300
284.512
349.809
357.485
359.008
