169.427
184.407
232.045
271.074
287.236
308.537
317.393
332.335
339.040
348.936
365.610
372.169
379.604
385.425
391.404
397.939
400.986
407.579
414.343
422.047
428.799
433.020
438.800
445.145
449.532
454.136
461.580
466.412
471.513
477.166
481.270
490.263
496.902
505.554
510.925
515.824
524.953
536.295
548.994
559.140
567.516
572.344
578.078
593.306
604.542
612.959
623.246
634.207
646.158
659.403
682.213
697.929
708.687
712.314
714.269
721.907
734.287
740.909
742.364
749.918
757.632
765.682
776.685
779.816
791.916
800.358
811.742
814.568
824.067
830.552
834.140
844.024
857.141
880.960
893.962
900.258
917.812
924.893
928.648
937.176
944.865
952.032
963.492
994.669
1000.789
1036.916
1065.211
1075.113
1081.138
1121.298
1129.731
1604.773
1612.364
1628.879
1664.102
