45.004
46.662
47.732
49.808
50.869
51.375
52.510
53.466
56.157
57.464
58.710
59.626
61.793
63.630
65.312
67.349
70.722
72.421
74.255
75.594
78.603
80.731
81.687
83.026
84.448
85.661
86.997
88.147
89.407
90.976
92.080
93.530
94.875
97.014
98.412
99.425
100.902
102.548
103.209
104.598
105.305
106.155
107.767
109.083
110.033
111.041
111.473
112.321
112.712
113.323
114.349
115.079
116.081
117.339
117.794
118.446
119.511
120.465
121.497
124.965
126.931
127.417
129.416
130.510
132.984
134.345
135.369
137.702
140.492
142.753
154.970
161.610
167.896
175.470
179.163
197.092
201.566
204.947
207.839
208.430
212.105
212.398
215.604
221.418
224.439
232.213
235.373
236.232
236.402
272.812
281.501
282.771
295.493
301.937
307.746
