162.810
187.222
236.887
249.773
260.710
278.584
299.089
317.101
321.867
333.162
355.376
365.482
378.308
387.196
402.797
415.336
436.048
444.191
452.519
466.388
482.132
495.825
500.151
508.147
516.262
533.775
538.227
540.128
543.894
547.930
550.863
553.687
560.086
569.392
585.516
591.679
598.215
608.452
610.367
612.157
627.218
635.107
643.022
647.471
650.076
655.463
663.593
672.967
676.684
681.583
683.906
686.110
691.603
697.050
705.277
717.136
728.110
745.454
755.122
764.717
771.706
776.317
781.093
798.542
809.423
820.029
827.160
840.113
848.107
850.878
858.293
861.614
872.912
875.378
893.707
904.172
929.901
952.413
969.672
1007.052
1035.972
1071.868
1093.374
1125.350
1327.237
1376.741
1419.605
1430.728
1582.912
1630.968
1635.959
1643.956
1661.942
1695.951
1701.064
