1381.529
1391.517
1398.425
1404.887
1409.042
1415.107
1421.660
1425.841
1429.571
1431.067
1435.147
1438.269
1440.248
1443.368
1445.719
1447.649
1450.568
1454.019
1457.074
1461.741
1463.420
1466.315
1468.241
1470.389
1472.347
1474.323
1477.284
1481.962
1485.278
1489.626
1491.478
1493.679
1497.503
1500.853
1502.488
1504.807
1507.934
1510.723
1514.060
1516.368
1518.026
1519.407
1521.939
1524.480
1527.106
1529.309
1531.639
1534.190
1536.165
1539.223
1541.742
1543.827
1545.989
1549.442
1551.715
1554.935
1555.980
1559.086
1562.087
1565.712
1569.151
1572.294
1575.548
1578.767
1582.944
1587.279
1593.679
1601.292
1604.574
1606.919
1611.546
1616.325
1622.769
1627.654
1631.865
1642.261
1647.269
1650.717
1654.605
1664.818
1672.868
1683.089
1689.412
1702.182
1708.951
1717.986
1723.317
1726.882
1733.808
1742.319
1751.596
1767.269
1782.187
1794.941
1812.073
