1822.483
1836.774
1847.780
1855.370
1862.126
1869.672
1877.258
1884.608
1889.533
1896.700
1905.110
1911.828
1919.615
1926.058
1938.588
1951.508
1959.187
1964.805
1971.349
1983.483
1989.996
1997.898
2004.916
2011.059
2016.260
2022.295
2031.856
2038.491
2044.936
2050.033
2057.803
2064.300
2073.415
2077.358
2085.074
2090.681
2096.236
2102.036
2112.114
2119.016
2122.004
2129.427
2137.533
2141.794
2146.476
2152.716
2159.816
2165.143
2173.171
2180.969
2186.250
2192.466
2203.055
2211.466
2220.668
2234.366
2241.276
2249.244
2262.761
2273.176
2279.405
2290.973
2307.166
2317.450
2329.365
2342.139
2359.926
2373.843
2385.732
2402.572
2421.918
2442.049
2458.889
2481.730
2495.329
2513.149
2534.283
2557.569
2581.439
2610.650
2630.509
2670.763
2704.182
2772.722
2834.625
2902.855
2973.553
3068.850
3172.436
3365.498
3667.275
4307.334
5428.671
8914.781
