324.212
387.967
495.525
512.538
544.449
583.567
612.923
647.262
670.310
710.654
729.578
749.616
771.941
791.665
819.252
844.436
852.021
864.173
875.960
886.205
888.730
899.565
911.147
922.050
940.161
953.550
969.120
981.601
997.702
1007.951
1016.017
1030.550
1046.453
1054.981
1067.504
1075.716
1095.940
1106.245
1123.050
1141.167
1150.973
1166.721
1181.550
1206.867
1240.515
1263.199
1304.960
1338.031
1359.153
1387.485
1399.989
1416.510
1424.224
1452.636
1457.454
1473.803
1520.380
1530.977
1552.574
1559.805
1581.976
1609.147
1617.514
1628.285
1654.927
1662.555
1667.752
1685.231
1719.366
1737.405
1746.493
1771.860
1806.115
1820.398
1831.058
1850.864
1869.626
1882.217
1911.787
1959.619
1992.286
2106.077
2148.279
2207.037
2217.288
2294.218
2313.716
2782.744
2792.628
2839.707
2841.118
3345.976
3715.939
3871.310
