264.590
267.598
270.314
271.697
273.086
273.611
274.675
275.879
276.865
278.418
279.571
280.482
281.637
282.675
284.061
284.726
286.196
287.033
288.459
288.993
289.597
289.999
291.175
292.033
292.507
293.012
293.303
293.547
293.885
294.112
294.477
294.817
295.395
295.835
296.305
296.809
297.603
298.427
298.841
299.262
299.892
300.639
301.147
301.790
302.617
303.186
304.114
304.638
305.409
306.882
307.725
308.528
308.999
309.694
310.516
311.029
311.503
312.158
312.882
313.503
314.266
314.780
315.288
315.694
316.241
316.959
317.581
318.516
320.195
322.039
323.466
325.200
326.181
326.892
327.247
327.563
327.896
328.347
329.638
330.878
331.864
332.616
333.701
334.556
335.432
337.055
338.666
340.545
342.626
344.910
348.401
351.270
353.344
360.352
