469.525
508.660
547.457
600.217
625.263
639.736
652.114
669.059
693.367
710.829
719.189
729.916
743.879
756.318
770.890
784.221
795.262
808.142
834.794
851.490
862.847
869.006
876.979
885.396
896.200
913.358
921.438
934.868
943.045
957.309
975.307
992.125
999.933
1011.769
1033.676
1038.774
1048.073
1057.815
1068.642
1076.852
1094.477
1106.582
1121.807
1150.896
1160.692
1181.098
1207.788
1230.925
1247.464
1272.321
1286.564
1315.301
1346.855
1372.059
1393.939
1440.892
1447.265
1459.155
1496.530
1561.979
1641.404
1654.176
1673.804
1683.121
1739.525
1757.730
1762.381
1773.422
1797.386
1823.412
1844.845
1861.666
1942.362
1949.571
2062.725
2081.140
2108.412
2129.504
2144.180
2172.195
2227.826
2272.159
2382.311
2510.413
2549.653
2601.094
2644.728
2674.151
2700.710
2743.357
2925.500
3508.961
3557.722
3643.610
