279.775
280.255
280.892
283.619
284.396
285.642
287.131
287.398
287.596
288.389
288.958
290.076
290.353
290.842
291.100
291.303
291.447
291.629
291.826
292.494
293.747
294.110
294.551
294.934
296.566
297.211
298.173
299.333
299.990
300.333
300.608
300.890
301.056
301.185
301.282
301.448
301.672
301.852
302.057
302.264
302.457
303.122
303.603
303.908
304.120
304.418
305.032
305.326
305.593
305.747
305.903
306.088
306.440
306.633
306.982
307.316
307.654
307.925
308.286
308.595
308.792
309.053
309.364
309.517
309.988
310.259
310.459
310.643
310.834
311.024
311.257
311.431
311.558
311.816
312.221
312.752
314.066
314.843
315.378
315.873
316.504
317.741
318.914
321.728
323.238
326.704
336.965
340.991
343.752
346.167
347.376
348.576
351.980
383.998
