28.533
30.276
31.462
32.890
34.119
35.371
36.639
38.668
40.542
41.405
42.366
43.117
43.553
44.297
45.597
46.491
47.760
48.971
49.978
51.241
52.660
53.720
55.160
57.445
59.715
61.007
65.141
66.348
67.696
69.588
71.739
72.193
72.629
73.840
75.669
76.192
76.987
77.673
78.871
80.026
80.822
81.680
83.350
84.615
85.834
87.058
91.446
96.506
100.331
104.613
108.658
113.490
119.742
124.527
126.694
128.718
129.411
130.191
131.567
134.498
136.116
137.818
138.083
141.519
143.861
150.733
161.323
162.219
174.509
177.195
205.374
210.156
214.320
219.899
222.376
226.109
230.949
231.077
234.791
236.641
241.217
255.509
256.190
259.701
259.955
263.530
266.319
272.302
272.508
272.652
275.566
324.853
327.849
332.300
336.668
