1328.384
1334.463
1348.878
1353.575
1357.980
1365.481
1370.638
1373.633
1376.999
1382.780
1388.521
1394.332
1397.783
1400.153
1403.884
1410.553
1415.541
1418.866
1424.281
1432.077
1436.441
1437.900
1440.247
1442.777
1444.419
1447.052
1451.042
1459.480
1464.477
1466.610
1469.128
1474.419
1479.524
1483.070
1487.687
1489.803
1492.613
1495.724
1497.041
1499.313
1501.284
1504.791
1508.990
1512.290
1514.474
1515.929
1517.863
1520.181
1523.226
1527.257
1530.530
1531.882
1535.678
1541.268
1543.851
1545.372
1548.413
1551.706
1553.376
1556.493
1560.745
1562.998
1565.792
1569.522
1574.992
1579.510
1585.612
1589.061
1591.405
1595.664
1598.587
1604.820
1606.951
1610.336
1616.202
1617.862
1622.941
1630.587
1639.937
1651.796
1659.280
1664.592
1670.244
1672.405
1678.667
1681.580
1694.644
1707.701
1714.181
1747.283
1760.118
1793.422
1831.077
1948.867
1999.503
