66.924
85.955
99.634
116.598
169.535
194.498
241.131
256.481
275.620
289.768
301.704
304.805
315.774
326.435
331.876
338.350
350.076
363.870
369.869
388.236
401.289
409.921
418.020
437.343
447.071
454.435
463.403
467.333
474.034
479.528
485.645
489.205
495.485
502.168
506.587
515.843
521.138
525.153
532.367
540.713
552.062
554.795
558.171
570.385
579.034
590.853
594.080
606.819
614.430
627.784
638.652
646.114
651.131
678.309
691.609
696.742
707.643
717.449
731.708
740.552
767.392
774.553
785.552
794.874
806.358
816.174
826.510
831.054
834.599
844.737
855.294
869.636
871.958
883.475
936.356
989.800
995.992
1007.112
1031.429
1048.305
1074.307
1149.598
1155.850
1176.639
1196.882
1215.000
1222.557
1262.824
1299.557
1563.754
1808.564
1862.519
1905.994
1911.206
