1702.759
1734.306
1748.717
1762.046
1781.599
1791.909
1799.080
1805.023
1817.826
1830.670
1842.716
1848.906
1858.301
1869.488
1880.011
1890.302
1897.818
1903.761
1910.081
1913.859
1918.673
1923.510
1928.499
1932.457
1936.701
1939.995
1944.763
1948.789
1953.911
1959.445
1963.620
1967.798
1971.019
1974.784
1981.583
1985.255
1991.725
1994.144
1997.158
2001.379
2006.234
2009.504
2013.715
2017.603
2023.813
2028.763
2032.695
2038.159
2042.972
2046.704
2051.874
2056.214
2059.646
2064.645
2069.341
2071.683
2075.327
2080.511
2085.372
2090.393
2094.535
2098.891
2102.339
2107.728
2115.698
2124.880
2132.738
2140.252
2146.367
2153.825
2160.132
2167.108
2172.788
2177.692
2180.982
2187.112
2198.558
2204.521
2211.852
2223.666
2236.495
2250.061
2262.664
2272.048
2285.920
2296.992
2316.889
2347.085
2391.423
2428.797
2495.377
2633.842
2868.386
3299.278
3973.148
