266.923
268.780
269.865
270.905
271.776
272.435
273.435
274.316
275.321
276.425
278.053
279.036
279.721
280.695
281.548
282.137
282.737
284.064
286.598
288.881
289.979
290.839
292.043
293.408
294.546
295.891
296.799
297.236
298.027
299.105
300.141
301.200
301.968
302.434
302.961
303.624
304.219
305.520
306.550
307.487
308.306
308.899
309.303
309.668
309.994
310.404
311.116
311.696
312.166
312.614
313.202
314.016
314.837
315.313
315.730
316.404
316.857
317.457
318.215
318.801
319.575
320.136
320.724
321.805
322.858
323.567
324.117
324.870
325.293
325.959
326.659
327.376
329.259
330.975
332.105
332.814
333.309
333.951
334.900
335.400
335.845
336.145
336.528
337.321
338.218
338.617
339.309
340.056
340.603
342.178
343.320
347.165
351.582
355.542
362.218
