1856.026
1883.007
1915.181
1935.988
1955.462
1979.115
1991.915
2000.394
2008.173
2021.554
2036.633
2045.421
2056.196
2065.105
2077.420
2089.245
2101.229
2107.272
2120.466
2128.655
2137.187
2144.788
2149.082
2153.625
2160.760
2165.882
2173.596
2178.931
2189.882
2197.344
2203.268
2212.114
2219.129
2224.082
2229.216
2235.764
2241.982
2250.685
2257.215
2264.089
2270.768
2274.839
2279.395
2286.998
2292.039
2300.840
2308.467
2314.216
2319.285
2326.515
2333.243
2341.971
2348.933
2357.633
2364.622
2372.159
2380.709
2385.032
2392.569
2398.225
2407.401
2419.253
2432.544
2445.774
2453.744
2462.986
2475.050
2492.733
2504.234
2518.138
2532.442
2546.082
2562.562
2586.175
2603.468
2626.207
2654.461
2679.159
2706.533
2731.211
2759.651
2806.758
2868.786
2933.781
3005.967
3110.003
3176.407
3274.627
3387.988
3594.529
3808.802
3948.480
4838.567
5525.165
9166.902
