1315.605
1330.486
1347.298
1358.206
1362.905
1367.967
1372.748
1384.030
1391.788
1395.667
1402.442
1405.267
1408.489
1412.334
1415.443
1419.694
1422.460
1426.302
1428.273
1431.237
1433.454
1435.611
1437.851
1439.723
1442.728
1445.224
1449.580
1452.486
1455.894
1458.689
1464.084
1468.825
1473.971
1484.657
1495.769
1501.839
1510.505
1517.670
1523.784
1530.303
1536.603
1545.045
1553.458
1559.346
1563.921
1569.139
1574.680
1579.469
1586.537
1590.204
1593.769
1598.395
1605.423
1607.666
1613.758
1619.629
1626.086
1630.692
1633.489
1637.684
1644.905
1649.590
1653.158
1654.859
1657.387
1662.690
1666.635
1671.641
1679.136
1685.097
1688.969
1695.418
1700.189
1705.621
1712.070
1718.237
1731.651
1744.322
1753.814
1762.880
1772.873
1788.336
1796.826
1805.715
1826.189
1837.095
1858.847
1868.069
1889.988
1906.437
1952.535
1993.711
2034.215
2065.626
2294.647
