348.005
369.742
383.496
404.199
413.859
424.684
439.523
448.749
461.052
469.379
484.444
510.050
521.521
530.195
536.202
543.207
554.232
564.164
576.793
589.267
599.043
603.233
609.912
622.075
630.908
638.736
649.216
659.416
672.147
679.274
693.206
700.984
712.245
721.945
731.276
752.657
763.860
780.495
801.551
824.358
836.181
849.592
859.918
883.643
896.831
900.585
967.826
1001.526
1035.507
1060.047
1069.028
1104.756
1116.343
1149.725
1165.459
1210.486
1226.819
1256.898
1268.754
1307.972
1339.361
1401.535
1482.836
1503.458
1564.165
1764.278
2019.521
2053.037
2235.449
2344.328
2378.243
2530.805
2540.802
2581.941
2612.539
2616.323
2637.416
2651.634
2665.527
2690.961
2737.468
2804.912
2858.870
2859.681
2867.214
2915.817
2917.114
2940.514
2948.037
2978.736
2982.863
3157.057
3209.185
3220.335
