204.559
228.267
247.130
260.312
270.465
278.234
285.681
296.825
304.124
314.522
320.447
324.080
329.506
337.520
344.476
353.410
364.596
378.964
388.216
397.639
408.317
415.889
423.191
426.753
440.143
465.541
472.232
480.140
492.322
500.143
505.338
520.118
532.878
546.074
560.516
575.950
582.677
587.595
596.679
604.383
617.054
629.496
636.124
644.405
645.779
650.061
659.619
664.041
668.545
673.270
682.241
693.266
700.649
710.539
711.991
713.427
717.908
728.142
733.802
742.210
745.697
752.178
762.667
780.815
785.491
792.921
803.806
806.171
818.532
819.704
822.628
834.230
841.329
843.882
871.441
900.955
922.030
924.710
954.428
955.541
959.029
979.099
986.862
989.543
990.752
1013.787
1019.814
1037.004
1083.478
1086.587
1130.356
1485.130
1519.538
1559.229
