32.180
33.473
35.289
37.359
39.169
42.428
44.039
46.221
48.417
51.240
52.948
54.220
55.294
56.947
58.437
59.918
61.423
62.531
64.043
65.618
66.878
68.829
71.236
73.116
75.591
78.329
80.624
84.494
89.522
90.861
91.924
93.364
95.949
98.253
98.874
100.973
101.940
105.769
107.648
108.918
112.708
118.841
121.061
123.446
124.956
126.609
128.934
131.360
134.380
138.543
139.750
142.796
143.135
143.654
144.610
146.348
148.594
152.766
156.809
158.104
161.595
164.223
166.859
169.244
172.658
173.182
175.418
176.296
186.022
195.078
195.651
198.521
199.203
199.480
200.249
202.471
203.733
213.628
218.147
219.244
220.583
221.258
225.930
231.246
234.291
268.497
271.599
277.001
283.170
286.512
287.302
288.308
294.106
298.760
305.236
