246.347
253.620
269.978
286.236
306.605
332.254
353.533
363.371
369.302
372.419
382.368
389.905
402.812
405.759
409.649
417.669
424.254
429.378
444.750
453.408
460.497
477.495
485.804
492.359
500.235
507.443
512.389
518.315
526.916
533.784
542.395
551.653
563.508
568.450
573.964
587.899
594.234
603.325
607.203
609.551
617.474
622.628
627.143
633.291
648.001
658.894
662.363
664.274
667.324
670.544
675.334
679.432
686.950
689.295
691.453
693.516
698.071
702.437
705.190
709.562
711.409
717.201
724.399
748.097
766.506
771.817
775.487
778.143
784.967
791.026
794.519
800.744
807.232
821.859
825.722
827.388
834.791
838.733
856.236
861.850
871.559
881.929
893.133
914.678
952.368
975.521
1048.258
1058.435
1098.852
1191.045
1275.031
1311.351
1334.521
1372.312
