247.115
267.399
288.136
316.988
373.611
408.066
463.089
493.054
525.652
549.005
556.931
572.058
594.120
611.779
619.673
639.587
661.488
669.850
679.687
690.639
707.921
725.876
742.014
767.655
789.196
803.528
819.243
837.999
852.789
871.157
900.901
913.955
927.162
938.775
944.551
955.503
964.846
973.175
999.141
1024.795
1055.302
1096.172
1120.774
1138.832
1149.636
1160.889
1177.811
1197.641
1218.392
1231.071
1255.041
1289.752
1298.663
1326.764
1357.076
1413.939
1439.223
1467.872
1474.732
1530.789
1580.570
1615.078
1623.005
1630.659
1649.203
1654.390
1659.807
1667.110
1676.785
1695.363
1719.860
1739.630
1763.746
1784.574
1821.847
1852.791
1855.060
1862.099
1894.383
1967.103
1994.120
2039.827
2387.393
2455.236
2552.379
3378.128
3456.313
3518.264
3549.569
3572.375
3577.204
3582.868
3602.242
3638.755
3666.978
