1313.236
1323.189
1334.876
1344.912
1351.618
1363.642
1370.167
1375.078
1379.673
1382.091
1385.893
1388.860
1391.034
1396.845
1400.026
1403.156
1405.510
1407.474
1410.229
1413.496
1418.411
1421.905
1424.041
1426.935
1430.395
1432.922
1435.678
1438.052
1439.931
1441.149
1443.197
1445.325
1447.455
1449.259
1451.954
1453.565
1455.293
1458.716
1461.429
1465.318
1467.059
1470.326
1474.819
1477.317
1480.030
1484.225
1487.968
1493.575
1497.911
1503.237
1505.365
1511.655
1520.093
1526.369
1532.266
1535.842
1544.035
1553.811
1560.584
1563.692
1568.946
1575.686
1579.288
1582.600
1589.219
1592.594
1597.122
1600.652
1604.758
1607.917
1609.912
1615.299
1621.290
1626.145
1634.819
1644.278
1649.540
1655.792
1662.436
1670.683
1678.571
1685.686
1693.274
1701.038
1710.743
1715.798
1722.086
1731.264
1738.238
1747.059
1756.350
1774.583
1803.054
1829.721
