260.388
264.891
269.791
273.026
274.719
276.464
278.382
280.140
281.761
282.522
283.304
284.473
286.109
287.610
289.495
291.019
292.430
294.451
295.926
296.702
297.919
298.575
299.446
300.868
302.103
303.080
303.992
304.747
305.303
306.215
306.820
307.370
308.381
309.109
309.589
310.907
312.032
313.033
313.794
314.384
314.993
315.542
315.963
316.600
317.363
318.353
319.042
319.951
320.636
321.190
321.828
322.506
323.076
323.479
323.927
324.673
325.370
326.165
326.871
327.298
328.435
329.426
330.056
330.810
331.755
332.560
333.069
333.382
334.000
334.758
335.642
336.137
337.061
337.644
338.413
338.741
339.420
340.152
340.560
340.760
341.078
341.520
342.136
342.904
344.086
345.543
347.229
348.970
350.481
352.754
358.642
364.076
373.817
397.050
