1762.795
1769.799
1779.686
1795.092
1813.526
1832.162
1853.718
1879.945
1893.805
1903.369
1913.095
1928.158
1944.503
1949.766
1956.217
1961.023
1976.950
1983.129
1986.208
1993.102
2000.358
2007.009
2016.031
2022.449
2030.109
2034.451
2039.754
2050.636
2057.439
2062.575
2070.702
2078.702
2086.249
2089.585
2096.687
2106.922
2114.352
2126.933
2139.997
2147.680
2153.000
2161.330
2174.813
2184.798
2189.526
2198.749
2202.249
2208.325
2217.678
2228.256
2235.905
2244.057
2251.934
2262.740
2273.598
2288.708
2300.689
2313.798
2321.642
2337.542
2343.535
2350.388
2367.510
2383.615
2399.561
2413.847
2428.835
2441.622
2448.847
2455.176
2467.460
2479.957
2490.218
2510.396
2523.121
2535.114
2550.771
2574.976
2589.104
2608.968
2640.494
2666.425
2704.207
2727.934
2766.460
2826.315
2868.124
2921.113
2995.694
3204.499
3363.467
3663.399
5074.941
8477.271
8929.960
