35.457
41.037
47.439
49.632
52.281
54.424
56.007
58.041
59.395
61.411
63.328
64.831
67.035
68.426
70.047
71.182
72.744
74.383
75.642
76.508
77.495
78.362
79.058
80.676
82.032
82.871
83.687
84.982
86.835
88.007
89.410
91.279
92.585
93.353
95.213
95.889
97.011
97.810
98.950
99.661
100.105
101.041
103.148
104.629
106.392
107.589
109.317
110.638
114.340
117.001
118.745
119.426
122.516
124.354
127.188
127.704
131.241
133.161
136.610
140.923
143.340
146.076
154.044
157.375
170.497
175.576
176.909
178.696
179.222
179.933
182.600
184.280
185.446
187.561
188.908
189.542
192.846
194.148
195.764
199.329
204.245
207.728
210.918
216.313
252.341
259.540
260.769
263.381
269.189
280.426
280.687
286.566
289.201
297.636
298.616
