340.358
367.522
395.431
409.535
448.872
481.272
500.641
521.133
547.842
566.401
583.081
603.452
621.767
648.530
665.634
682.574
698.571
722.637
730.938
739.188
748.198
762.744
775.043
786.266
799.283
810.097
819.986
837.454
851.510
865.386
885.171
908.450
932.110
954.080
968.255
981.269
998.210
1030.564
1061.995
1074.937
1088.621
1105.706
1114.468
1156.249
1163.556
1172.013
1196.545
1203.363
1218.606
1237.559
1270.004
1293.904
1303.161
1317.616
1347.324
1355.837
1376.723
1402.157
1405.881
1416.845
1435.414
1444.027
1456.778
1471.219
1493.161
1516.471
1569.587
1579.739
1600.593
1612.621
1625.712
1644.465
1648.545
1652.549
1668.847
1685.460
1717.548
1765.177
1829.241
1904.923
1925.147
1980.849
2374.370
2511.140
2591.113
2615.064
2644.361
2825.903
2874.459
2895.638
2952.731
3181.907
3236.353
3271.577
