34.991
38.965
41.243
43.409
45.318
46.634
47.664
49.127
51.586
52.626
53.991
55.592
56.844
58.254
59.047
60.605
63.643
66.068
67.557
69.134
71.394
73.889
76.715
78.722
80.552
84.410
88.075
89.550
90.880
92.491
93.489
95.316
97.257
98.029
98.743
99.682
100.561
101.781
102.178
104.357
106.133
107.250
107.905
108.757
110.065
111.654
116.552
120.256
122.173
124.539
126.179
126.698
128.868
131.013
136.640
139.207
146.433
153.217
153.722
154.129
156.477
157.749
157.991
158.154
158.473
159.055
161.625
162.004
162.386
164.702
165.961
167.544
168.814
169.220
170.759
172.404
173.464
174.661
175.743
176.444
177.251
179.724
187.299
196.715
210.432
218.877
219.262
242.344
245.490
246.877
322.065
331.464
339.015
346.119
