209.005
220.603
227.142
234.576
238.481
243.459
248.434
256.452
261.170
266.533
270.769
276.920
289.577
296.720
302.297
308.819
314.951
319.976
327.018
334.639
341.919
347.565
351.721
358.165
373.111
379.172
383.731
387.592
401.778
412.630
424.174
436.224
445.445
460.429
476.460
483.994
495.787
507.117
519.512
526.755
536.254
541.844
551.829
558.343
572.051
580.942
605.043
620.608
638.616
663.614
676.692
697.125
705.587
708.366
719.548
731.096
737.337
739.816
745.173
752.177
761.320
764.808
776.369
785.663
799.843
803.686
818.032
820.436
827.815
834.282
836.537
840.221
843.015
852.801
862.598
870.778
876.704
889.714
896.313
957.166
963.531
964.384
978.517
989.937
1000.421
1005.980
1101.948
1107.041
1115.531
1278.006
1282.561
1309.179
1334.006
1360.828
