248.442
250.892
253.441
258.525
261.411
263.359
264.281
265.557
266.618
267.440
268.741
269.366
270.132
271.094
271.809
272.155
272.363
273.242
273.758
274.031
274.237
274.404
274.763
275.280
275.489
275.892
276.227
276.503
276.676
276.831
276.970
277.172
277.541
277.832
278.436
278.831
279.412
280.067
280.733
281.302
281.904
282.369
283.667
283.977
284.482
285.113
286.379
287.379
287.758
288.024
288.303
288.702
289.268
289.998
290.580
291.864
292.685
293.321
294.461
295.750
296.683
297.790
298.707
299.556
300.127
300.763
301.159
302.697
303.987
305.600
306.370
307.197
309.228
310.823
312.232
312.693
313.503
313.835
314.587
315.774
317.012
320.368
322.774
325.580
328.288
329.189
330.692
331.869
334.129
336.369
338.273
342.234
350.511
355.800
