1718.913
1737.774
1745.975
1751.906
1755.402
1760.024
1762.335
1767.378
1774.031
1779.812
1784.200
1789.885
1794.527
1799.191
1804.333
1809.004
1812.835
1816.246
1819.472
1821.792
1825.043
1826.806
1829.562
1832.289
1834.917
1836.805
1838.688
1840.784
1842.915
1845.985
1848.875
1851.534
1857.710
1863.441
1872.012
1881.183
1893.245
1902.247
1913.185
1921.560
1930.410
1942.704
1955.454
1961.025
1966.393
1971.881
1976.624
1980.409
1984.319
1988.656
1992.147
1994.881
1998.200
2000.878
2005.795
2017.244
2028.094
2043.539
2051.165
2059.020
2066.745
2071.241
2075.307
2079.007
2086.494
2099.127
2118.562
2144.482
2156.373
2166.701
2175.096
2182.760
2190.718
2203.031
2214.218
2222.462
2229.715
2242.945
2262.143
2295.360
2311.899
2324.964
2348.098
2400.223
2410.791
2600.765
2686.528
2755.773
2854.246
2978.673
3387.974
3509.825
4958.773
5142.936
14863.817
