1287.103
1297.449
1304.226
1312.474
1316.407
1322.136
1328.116
1331.874
1338.706
1340.446
1342.856
1345.619
1347.403
1351.260
1356.329
1359.688
1361.989
1363.474
1366.456
1370.745
1372.562
1377.013
1382.413
1386.571
1390.921
1395.177
1399.640
1402.895
1407.514
1411.327
1416.157
1420.946
1425.361
1427.219
1431.091
1436.500
1441.126
1445.816
1453.302
1455.731
1459.676
1466.523
1468.517
1469.898
1470.670
1471.848
1473.607
1475.832
1478.819
1481.114
1482.692
1483.780
1485.770
1487.557
1490.783
1493.571
1497.318
1499.873
1503.231
1505.588
1508.192
1509.533
1510.328
1511.361
1513.745
1515.675
1517.570
1520.431
1525.988
1528.774
1532.153
1533.638
1536.841
1539.614
1542.631
1546.631
1549.582
1553.092
1557.276
1558.867
1561.030
1562.485
1565.151
1573.620
1581.141
1585.923
1587.803
1593.654
1606.692
1615.149
1621.163
1641.181
1657.593
1690.320
1816.928
