243.793
244.876
245.671
246.411
249.652
256.130
259.094
264.251
267.699
269.426
271.670
274.388
277.027
278.472
279.667
280.823
284.086
285.107
286.694
287.482
288.339
288.867
289.405
289.685
290.027
290.413
290.869
291.661
292.659
293.341
294.165
294.930
295.707
296.265
296.784
297.349
298.210
299.643
301.092
301.731
302.935
303.623
304.369
306.195
307.402
308.300
308.824
309.402
310.103
310.690
311.297
311.878
312.459
313.031
313.825
315.207
316.117
316.678
317.382
317.795
318.810
320.350
321.373
322.262
322.973
324.021
324.635
326.546
328.640
330.181
332.195
333.780
334.620
338.341
340.031
342.130
344.744
346.842
348.957
351.379
353.189
357.888
365.782
372.339
375.659
381.018
389.976
394.693
404.273
420.538
434.971
447.360
457.544
468.603
