1572.808
1604.551
1683.845
1748.453
1769.974
1792.403
1810.100
1827.943
1840.702
1852.086
1860.235
1870.595
1875.920
1886.691
1899.099
1907.423
1911.760
1919.212
1928.204
1933.127
1939.165
1947.207
1959.885
1967.599
1973.891
1982.209
1989.999
1996.230
2003.147
2012.135
2021.150
2033.375
2037.839
2041.900
2047.463
2051.718
2057.584
2062.781
2068.874
2075.444
2080.805
2088.585
2097.415
2109.799
2117.508
2123.263
2128.990
2133.435
2138.988
2147.645
2154.870
2161.806
2170.736
2178.413
2186.857
2197.760
2206.144
2210.244
2217.288
2223.628
2231.613
2238.470
2253.700
2266.588
2274.373
2280.209
2287.432
2296.701
2301.568
2306.336
2309.944
2315.880
2325.867
2340.194
2355.444
2370.770
2381.314
2388.787
2399.618
2409.954
2420.661
2435.155
2449.675
2460.209
2480.156
2501.725
2518.756
2546.342
2573.040
2606.751
2667.647
2805.338
3146.011
4084.949
