1402.857
1407.861
1412.183
1414.699
1416.336
1420.808
1425.856
1437.127
1445.491
1455.222
1459.365
1464.128
1466.744
1470.526
1472.057
1475.387
1478.644
1480.747
1483.497
1486.626
1488.318
1490.155
1492.601
1496.289
1498.418
1499.712
1501.365
1503.066
1505.465
1508.242
1510.484
1512.138
1513.443
1515.510
1516.745
1518.264
1519.213
1521.403
1523.595
1525.737
1527.466
1529.027
1531.329
1534.941
1539.932
1543.047
1545.377
1548.078
1549.530
1552.591
1554.201
1557.263
1559.719
1562.353
1564.912
1567.802
1569.465
1571.635
1574.933
1579.124
1580.812
1582.840
1585.386
1588.827
1592.121
1595.232
1599.174
1602.818
1609.262
1612.996
1619.769
1624.516
1637.094
1642.579
1648.053
1651.654
1653.687
1657.079
1660.544
1662.635
1667.149
1671.111
1678.838
1689.158
1695.448
1705.495
1712.415
1726.503
1746.140
1763.405
1779.414
1822.402
1846.873
1906.358
