203.266
209.677
220.243
241.349
258.260
271.846
293.140
305.836
317.215
332.222
346.562
356.327
369.079
380.930
397.758
408.598
417.574
425.509
430.591
435.861
442.696
449.994
456.375
461.521
470.907
475.920
482.176
486.013
491.776
498.686
508.888
515.409
521.792
525.329
529.399
532.382
541.356
546.593
553.221
555.708
562.140
568.640
578.186
584.324
589.088
592.698
594.047
598.532
604.784
613.355
625.744
629.944
646.921
655.338
659.797
668.330
673.019
682.167
688.325
702.144
703.803
728.300
759.596
806.048
841.717
877.022
902.469
926.416
943.031
958.114
989.189
991.108
1016.006
1028.874
1050.474
1062.636
1077.569
1085.711
1091.960
1093.976
1104.321
1111.099
1117.938
1123.283
1130.014
1134.683
1138.934
1192.250
1195.896
1243.942
1650.850
1686.166
1725.920
1787.601
