362.076
405.495
445.425
497.822
553.509
610.954
631.800
658.294
683.705
708.025
719.755
737.509
761.855
783.463
804.393
820.017
830.254
846.360
859.190
879.801
889.973
897.854
915.252
937.879
964.326
980.390
988.190
1003.600
1016.988
1035.774
1044.452
1064.261
1074.392
1088.865
1107.326
1122.849
1145.836
1161.487
1175.077
1193.405
1207.018
1218.941
1228.556
1235.349
1263.165
1267.922
1272.905
1285.578
1297.384
1308.959
1312.299
1330.518
1338.549
1348.708
1389.125
1397.600
1408.918
1424.067
1436.017
1459.390
1470.373
1505.381
1564.151
1593.287
1626.668
1660.922
1690.010
1719.426
1741.760
1752.279
1819.043
1854.789
1953.665
1969.994
1982.530
2012.995
2060.974
2216.103
2226.329
2265.370
2313.562
2394.392
2535.064
2584.664
2673.499
2702.587
2723.892
2750.958
2861.191
2900.819
2946.201
2948.002
3208.789
3306.488
3396.705
