44.251
47.298
50.199
52.062
53.716
55.784
57.652
59.755
62.527
63.826
65.966
67.183
68.709
70.426
71.897
72.468
74.592
76.080
77.937
79.266
79.812
81.072
82.614
84.122
86.499
87.455
88.056
88.786
90.742
91.920
93.264
94.042
95.378
97.094
98.725
100.151
101.738
103.987
105.220
106.476
108.422
109.095
109.617
111.031
112.018
112.569
113.006
114.073
114.511
115.021
115.964
117.347
120.116
122.313
122.575
124.428
125.265
127.063
128.365
130.718
133.779
136.228
139.374
147.606
150.328
155.573
161.883
167.823
170.314
171.126
176.142
184.956
187.189
191.976
212.931
216.879
218.486
224.490
229.422
245.166
252.745
266.702
267.474
269.745
273.722
274.382
275.031
291.547
307.214
309.341
310.545
314.398
316.113
327.465
