49.887
52.340
54.706
56.627
58.337
61.251
63.388
64.945
66.451
69.974
70.898
72.617
74.321
75.382
76.307
78.915
80.174
81.606
82.464
83.881
85.160
86.205
87.568
88.952
90.222
91.962
94.062
94.842
95.986
96.787
97.671
98.703
101.641
103.887
105.894
107.080
109.110
110.498
111.395
112.805
113.984
114.400
116.789
117.514
118.061
120.281
121.149
123.097
123.862
125.116
125.398
127.745
129.451
131.410
135.273
138.168
139.244
141.500
143.246
144.836
148.511
149.651
151.755
154.588
156.482
159.137
160.183
161.850
165.124
166.049
170.159
171.804
174.038
179.717
180.099
182.791
183.129
187.413
189.020
190.574
190.875
191.999
194.246
199.932
204.371
208.262
208.803
210.689
211.777
218.458
229.763
235.592
276.085
283.218
289.742
