296.911
332.179
357.957
388.597
413.779
434.713
447.044
469.470
492.152
508.287
527.982
545.664
565.557
584.921
602.993
625.844
636.746
645.120
660.274
671.875
684.520
701.649
708.666
720.025
738.231
768.865
787.931
797.980
823.157
832.959
847.933
866.255
878.881
890.077
903.068
919.947
926.078
945.365
962.966
976.419
989.681
1006.774
1016.662
1049.744
1082.035
1123.056
1145.906
1179.376
1190.568
1197.288
1204.428
1215.158
1234.576
1264.992
1288.601
1304.647
1334.096
1346.356
1379.048
1417.507
1439.069
1474.615
1479.852
1494.915
1547.769
1595.002
1602.477
1777.492
1858.291
1948.135
2013.244
2026.034
2036.455
2054.942
2060.312
2069.522
2126.289
2144.850
2166.945
2190.845
2260.317
2368.044
2746.329
2800.210
2822.609
2843.577
2864.661
2875.194
3120.314
3218.145
3258.174
3266.151
3340.926
3355.801
3379.213
