1798.496
1807.836
1832.109
1835.741
1845.760
1858.753
1870.043
1889.447
1896.446
1912.668
1927.793
1942.301
1952.103
1965.019
1977.703
1988.080
1995.439
2003.729
2013.947
2024.396
2033.566
2041.903
2049.872
2055.923
2062.515
2067.331
2077.521
2086.383
2095.549
2103.592
2111.453
2114.944
2121.654
2128.877
2138.816
2143.051
2147.316
2157.232
2163.933
2168.241
2174.749
2179.475
2188.718
2196.665
2202.206
2206.742
2213.589
2223.269
2231.496
2241.949
2249.559
2258.545
2269.639
2277.295
2287.430
2294.634
2303.244
2312.131
2320.762
2330.422
2340.719
2351.462
2364.050
2369.917
2375.544
2385.505
2393.896
2404.521
2414.459
2427.808
2439.712
2451.725
2461.499
2472.975
2497.972
2515.456
2535.315
2557.145
2574.485
2594.885
2610.998
2638.452
2669.268
2712.880
2773.005
2839.764
2928.184
2999.993
3071.646
3177.445
3348.667
3716.680
5208.937
5501.760
8966.772
