182.174
192.607
211.005
225.789
244.327
253.983
272.974
282.084
290.963
299.279
312.649
330.598
344.366
356.558
365.782
376.036
382.482
390.575
397.881
402.231
406.366
412.827
423.625
432.552
440.562
453.227
465.186
469.328
471.580
479.453
487.106
496.138
512.102
520.372
536.155
549.939
560.715
564.353
576.307
589.216
598.763
604.919
608.339
612.267
614.745
616.600
621.510
627.597
636.577
641.577
660.746
668.265
675.197
679.162
689.987
705.858
715.745
722.232
732.020
743.095
754.098
758.958
773.619
780.857
787.940
801.440
809.953
816.409
830.094
851.818
854.998
886.273
908.411
1016.869
1046.403
1065.747
1085.751
1101.785
1107.828
1110.005
1122.874
1150.425
1157.953
1179.001
1195.234
1216.272
1235.208
1245.121
1271.989
1275.125
1341.490
1783.916
1916.920
1935.005
1944.149
