1326.223
1342.286
1360.153
1363.930
1369.915
1378.349
1384.638
1387.209
1398.260
1404.610
1410.437
1414.478
1417.528
1421.170
1423.221
1424.967
1427.207
1428.802
1429.850
1431.682
1433.273
1436.437
1439.637
1442.535
1444.358
1446.370
1448.628
1451.743
1453.288
1455.248
1457.204
1458.402
1461.717
1464.680
1466.280
1469.433
1472.396
1474.335
1476.994
1480.756
1483.310
1485.648
1488.754
1491.778
1496.405
1499.315
1506.586
1511.109
1515.209
1517.934
1520.407
1523.673
1527.473
1531.237
1536.782
1542.457
1547.231
1553.956
1559.324
1562.845
1568.861
1574.048
1584.935
1589.735
1595.603
1606.966
1609.044
1612.468
1617.907
1625.313
1635.901
1645.799
1651.863
1659.971
1668.474
1676.012
1680.540
1688.823
1698.134
1704.328
1711.181
1719.489
1724.644
1731.672
1736.723
1742.401
1759.247
1774.348
1791.827
1806.819
1819.861
1835.492
1848.606
1874.257
