248.608
260.877
267.121
276.204
278.629
283.268
285.058
285.770
287.610
288.667
291.183
292.395
293.555
294.251
295.502
296.390
297.034
297.717
298.706
299.520
300.768
301.759
302.535
303.634
304.882
306.493
307.671
308.900
310.354
311.613
312.506
314.177
315.014
316.358
317.315
319.518
320.510
321.518
322.316
323.451
324.393
326.034
326.904
327.514
328.109
328.840
330.105
331.829
332.884
333.622
334.347
334.988
335.585
336.230
337.083
338.007
338.772
339.444
340.053
340.532
341.246
341.884
342.350
342.978
343.514
343.888
344.159
344.444
344.750
344.977
345.248
345.566
345.841
346.017
346.190
346.443
346.951
347.734
348.341
349.471
350.771
351.584
352.756
354.142
355.524
356.859
358.695
359.893
362.331
364.078
367.322
370.518
376.693
378.882
386.138
