257.225
260.257
261.684
266.480
268.378
269.914
272.025
273.317
274.076
275.330
277.231
278.894
279.773
280.597
281.349
281.958
282.748
284.066
286.247
287.663
288.881
289.649
290.579
292.240
293.845
294.950
295.463
295.774
296.003
296.268
296.951
297.453
298.057
298.718
299.187
299.760
300.551
301.274
301.973
303.080
303.863
304.439
305.278
305.795
306.393
306.795
307.318
307.886
308.331
308.877
309.383
309.846
310.394
310.705
311.193
312.075
312.851
313.445
314.067
314.611
315.148
315.723
316.075
316.941
317.798
318.980
320.488
321.891
322.501
322.944
324.110
325.498
326.184
327.409
328.408
329.380
329.978
330.568
330.975
331.611
332.448
332.920
333.351
333.939
334.306
334.767
335.649
337.670
339.566
341.617
344.300
351.119
354.872
363.633
