178.630
193.320
206.711
222.148
245.488
255.616
262.046
267.931
272.947
280.359
286.407
296.569
303.366
311.132
318.382
324.305
329.674
332.908
341.409
346.590
350.401
354.694
357.933
363.020
367.199
373.067
381.553
384.007
391.363
394.954
401.878
404.380
411.110
417.320
426.945
434.236
443.692
448.909
458.432
465.312
469.537
474.617
482.781
491.089
498.160
506.512
515.508
523.094
530.527
556.287
584.638
600.159
618.164
633.328
657.395
665.960
681.487
693.360
697.589
704.010
717.710
731.562
746.827
779.405
791.926
800.073
819.895
884.209
887.672
929.981
937.726
943.371
967.582
996.805
1000.748
1003.131
1020.968
1050.403
1053.174
1065.574
1074.149
1090.075
1109.704
1184.901
1219.939
1228.532
1255.455
1283.447
1289.335
1320.701
1325.318
1364.762
1546.744
1567.021
1567.935
