1735.714
1742.065
1747.893
1752.513
1758.238
1765.427
1768.981
1772.715
1779.326
1785.307
1789.893
1795.005
1801.974
1812.845
1820.148
1833.746
1841.447
1848.057
1861.953
1875.205
1886.434
1895.118
1903.422
1908.665
1921.573
1930.795
1941.510
1954.156
1971.295
1987.212
2009.369
2025.146
2034.269
2039.403
2043.833
2049.608
2057.499
2060.850
2065.013
2073.443
2078.144
2081.900
2089.654
2093.742
2096.875
2101.925
2105.508
2108.090
2113.434
2117.291
2120.154
2128.243
2131.461
2134.381
2139.252
2143.637
2150.776
2156.067
2163.848
2168.100
2174.787
2182.527
2188.215
2193.370
2198.517
2212.940
2226.027
2234.564
2256.418
2276.269
2291.247
2309.545
2327.973
2343.575
2359.963
2373.116
2395.544
2424.215
2449.589
2471.469
2479.926
2491.504
2499.308
2513.185
2521.628
2538.057
2559.245
2591.826
2664.888
2769.689
2935.772
3216.322
3496.687
5247.960
