324.461
372.455
401.502
423.038
448.908
491.978
509.872
541.831
561.589
573.055
583.299
607.657
639.680
667.407
696.807
712.205
729.402
748.102
771.685
781.903
789.324
805.845
811.549
831.882
843.000
855.292
864.303
875.631
900.062
918.536
936.490
945.172
961.550
977.710
989.385
1019.285
1036.284
1040.914
1058.752
1091.069
1105.414
1141.170
1160.852
1178.275
1191.672
1213.932
1239.045
1252.513
1264.926
1293.009
1297.347
1317.309
1326.440
1356.637
1377.061
1517.512
1554.213
1624.111
1646.981
1664.968
1670.218
1688.494
1697.129
1730.483
1741.333
1744.206
1749.810
1759.799
1769.068
1784.404
1797.505
1804.651
1819.289
1852.324
1874.984
1881.836
1895.605
1974.930
2003.739
2022.222
2042.797
2050.954
2060.122
2085.713
2122.005
2138.716
2169.818
2250.764
2482.996
2520.441
2545.139
3354.018
3490.357
3537.120
