1309.582
1316.919
1319.496
1323.501
1324.803
1327.614
1333.062
1337.789
1348.774
1354.098
1366.861
1376.097
1382.702
1387.289
1397.419
1405.742
1413.964
1419.468
1424.758
1431.206
1436.453
1438.681
1439.876
1443.198
1448.579
1456.706
1460.444
1461.619
1464.599
1466.777
1469.029
1470.818
1472.004
1472.768
1474.131
1477.605
1481.327
1484.975
1490.055
1493.682
1496.466
1498.329
1500.414
1501.677
1503.974
1506.347
1509.737
1513.731
1515.228
1516.421
1519.525
1522.167
1524.566
1526.336
1528.794
1531.266
1532.735
1534.522
1537.302
1540.912
1543.152
1546.609
1549.426
1553.558
1558.834
1563.344
1565.351
1568.020
1571.600
1574.494
1578.384
1581.763
1584.153
1586.799
1588.600
1591.907
1597.880
1605.432
1611.184
1622.351
1630.769
1642.537
1651.107
1671.918
1689.212
1697.338
1702.917
1714.980
1743.969
1759.894
1787.482
1801.937
1809.501
1851.432
