46.290
48.368
49.764
51.863
53.825
55.031
56.296
57.722
59.594
60.766
62.012
64.815
66.863
68.740
69.931
71.324
72.020
73.316
74.118
76.082
78.004
81.210
84.071
85.349
86.625
87.708
88.618
89.374
91.185
92.441
93.088
94.073
95.018
95.803
96.902
99.603
100.669
102.125
103.796
104.531
106.159
106.815
107.250
107.965
108.684
115.122
117.977
126.165
129.875
133.119
135.158
137.504
137.864
138.003
139.400
141.518
141.647
142.811
145.456
148.500
150.187
153.219
157.462
158.500
162.084
164.308
164.945
166.959
170.198
171.134
171.607
173.603
175.589
176.046
178.427
179.728
184.546
189.692
191.508
193.968
196.606
198.654
200.980
201.858
203.304
205.887
206.279
212.874
213.997
217.352
228.596
228.830
235.398
244.027
249.515
