43.447
45.719
48.634
52.634
53.737
56.129
57.715
59.787
61.195
63.225
66.077
68.958
71.279
72.251
73.919
76.940
80.405
83.584
85.676
87.456
89.155
90.456
91.553
92.390
93.008
94.161
94.821
96.172
97.687
98.058
99.370
100.542
102.110
103.043
105.188
106.250
107.739
108.792
109.893
111.419
112.245
113.072
113.964
115.428
116.383
117.357
117.808
119.222
121.437
122.159
123.907
124.637
126.194
129.286
129.804
130.907
132.999
135.396
138.083
139.268
141.129
142.296
143.722
147.197
147.830
149.886
151.655
154.058
155.528
157.844
159.710
161.954
162.998
165.443
166.130
171.678
175.389
178.146
182.503
184.631
186.676
187.981
189.109
192.860
196.223
198.844
210.980
232.913
238.724
269.755
273.873
319.009
334.703
336.286
340.978
