184.611
205.295
226.212
247.997
255.221
266.798
280.834
298.257
316.640
336.937
350.452
374.440
382.931
391.110
397.946
409.596
418.100
423.640
430.142
445.102
455.506
459.902
475.883
493.521
502.791
514.523
531.300
539.732
546.778
566.208
592.115
599.763
605.184
620.295
630.100
637.760
649.530
655.261
659.240
668.411
673.610
676.281
685.676
699.293
705.763
713.234
722.081
727.204
734.287
751.785
760.009
767.162
782.242
787.468
794.290
797.727
806.262
812.657
827.834
842.486
850.967
858.855
865.417
885.262
892.277
905.142
922.405
927.967
933.381
954.848
972.520
981.091
1001.130
1007.912
1027.367
1052.900
1086.957
1146.165
1153.166
1158.547
1173.766
1182.130
1207.601
1226.169
1239.560
1249.626
1256.825
1271.630
1485.310
1603.488
1632.715
1704.015
1733.815
1772.866
1816.670
