216.302
230.060
233.207
250.337
263.339
271.944
285.175
295.123
302.644
309.447
314.925
335.657
385.224
402.399
505.623
554.848
595.046
623.665
637.913
666.019
691.936
711.650
720.124
732.411
749.449
775.352
801.533
825.556
843.931
879.599
914.447
952.404
969.177
1001.943
1025.755
1045.245
1074.275
1093.968
1111.392
1147.961
1170.966
1181.754
1193.849
1206.275
1224.090
1267.872
1279.296
1298.286
1306.980
1315.993
1323.638
1333.048
1351.469
1355.306
1374.093
1395.330
1424.167
1429.318
1437.607
1463.352
1466.545
1482.229
1514.361
1524.265
1543.715
1622.299
1656.935
1692.628
1721.020
1764.194
1777.712
1785.668
1794.984
1818.256
1836.463
1841.731
1853.998
1871.023
1885.623
1927.736
1934.255
1949.155
1969.617
2009.359
2047.221
2093.198
2109.120
2136.504
2209.442
2349.714
2389.225
2430.485
2508.613
2617.728
2759.988
