265.431
267.428
268.038
269.700
270.681
272.731
273.042
273.486
274.960
275.500
275.845
276.746
278.001
278.926
280.635
281.267
281.907
282.610
283.194
283.601
284.295
284.788
285.413
286.376
287.830
288.335
288.677
289.133
290.033
290.869
291.239
291.737
292.414
293.876
294.488
295.049
296.064
297.002
298.073
298.624
299.509
300.076
301.422
302.369
303.121
303.931
305.099
305.960
306.696
307.242
307.735
308.305
309.406
310.587
311.225
312.013
312.708
313.369
314.263
315.734
316.665
317.280
318.082
318.881
319.818
320.546
321.798
322.523
323.207
324.041
325.458
326.455
327.213
327.887
328.426
329.349
330.095
332.153
335.197
336.318
339.862
343.461
350.447
356.011
364.347
377.361
383.588
388.179
393.749
395.542
402.357
409.442
417.968
436.905
469.326
