1380.246
1387.391
1404.737
1436.044
1445.804
1454.386
1474.002
1483.569
1490.743
1496.748
1505.601
1513.864
1530.704
1542.879
1549.475
1554.194
1558.808
1568.606
1573.024
1582.999
1597.525
1602.700
1610.660
1617.902
1624.052
1632.133
1644.761
1650.876
1654.272
1657.595
1664.864
1674.824
1679.058
1685.287
1698.886
1711.575
1724.258
1732.886
1740.157
1746.635
1752.601
1761.201
1773.935
1782.933
1790.716
1797.927
1805.164
1813.109
1823.367
1829.489
1835.502
1845.386
1851.612
1857.869
1864.426
1871.692
1879.427
1891.223
1898.636
1904.558
1912.265
1918.254
1925.513
1937.428
1947.608
1955.244
1962.471
1969.435
1980.623
1988.956
2002.618
2012.095
2022.178
2031.863
2040.690
2056.234
2071.591
2087.294
2105.710
2114.352
2129.172
2141.567
2156.986
2170.047
2179.637
2191.762
2211.287
2243.890
2251.252
2267.777
2275.956
2302.907
2336.695
2400.357
2510.138
