1931.251
1959.842
1974.651
1986.967
2007.039
2021.595
2035.158
2042.880
2061.171
2072.528
2085.108
2094.931
2103.166
2111.491
2125.819
2137.796
2149.725
2159.345
2167.544
2174.991
2183.945
2194.259
2203.929
2211.313
2221.712
2228.690
2239.215
2252.940
2264.574
2274.978
2287.621
2297.325
2305.132
2311.565
2319.244
2329.919
2341.258
2351.091
2360.356
2367.228
2375.906
2387.777
2397.640
2410.653
2420.912
2433.726
2442.503
2461.259
2468.658
2476.530
2484.721
2490.759
2498.676
2507.830
2515.673
2524.484
2534.646
2546.791
2560.922
2571.280
2580.463
2591.957
2607.464
2619.786
2629.037
2641.779
2657.913
2671.738
2688.346
2710.453
2729.490
2750.155
2769.299
2799.659
2837.307
2871.608
2907.545
2951.393
2984.666
3020.513
3049.446
3106.580
3186.846
3279.314
3354.841
3426.057
3561.326
3742.231
3891.520
4143.922
5106.305
5439.022
5849.257
9659.197
