282.383
284.620
285.029
285.758
286.300
287.056
287.519
288.028
288.508
289.466
289.813
290.195
290.756
291.595
292.196
292.413
292.517
292.954
293.113
293.241
293.505
294.013
294.364
294.677
294.906
295.269
295.714
295.955
296.192
296.363
296.511
296.711
296.932
297.314
297.542
297.895
298.160
298.414
298.609
299.042
299.799
300.203
300.429
300.749
301.285
301.753
302.001
302.217
302.670
303.085
303.761
304.296
304.851
305.027
305.266
305.591
306.030
306.458
307.417
311.087
313.410
314.744
317.537
321.696
326.198
328.578
330.914
333.183
338.249
340.118
342.827
343.661
344.755
346.513
348.282
349.399
350.445
351.447
352.443
353.843
355.173
357.603
359.316
361.876
363.556
370.263
371.593
373.539
387.443
391.402
392.403
393.495
395.186
400.188
431.855
