223.697
233.339
238.892
250.085
258.014
267.904
276.334
288.365
296.070
308.245
313.135
323.032
334.165
347.271
366.737
368.747
373.772
381.701
385.620
391.643
402.839
410.402
415.476
420.726
428.265
433.149
441.022
448.954
457.451
466.047
470.005
472.290
485.852
489.078
503.107
514.731
540.578
553.974
568.239
579.225
600.377
606.817
619.103
623.033
662.099
731.974
736.605
761.796
764.144
769.017
779.014
782.618
792.278
796.735
803.480
807.321
811.541
815.312
823.126
829.006
831.832
832.883
837.890
843.621
851.494
866.953
872.943
887.571
902.358
908.734
911.845
921.748
934.918
944.358
947.983
967.024
973.299
982.784
1001.880
1019.764
1026.866
1051.082
1059.629
1104.181
1109.896
1333.397
1346.860
1385.712
1421.848
1490.585
1557.074
1558.463
1640.061
1786.174
