1550.811
1573.005
1636.033
1680.199
1716.919
1736.471
1759.978
1770.570
1782.564
1793.282
1803.021
1811.003
1823.301
1838.060
1844.782
1852.762
1861.635
1875.419
1884.294
1897.919
1905.906
1910.900
1914.753
1920.319
1928.786
1935.232
1939.213
1942.542
1945.806
1949.472
1954.594
1964.366
1969.568
1978.685
1985.024
1991.002
1997.888
2000.929
2004.032
2009.516
2014.743
2019.459
2024.171
2027.255
2033.207
2043.392
2050.983
2056.280
2061.185
2067.873
2073.385
2077.181
2084.017
2088.090
2095.746
2106.656
2112.648
2119.673
2126.354
2133.315
2137.665
2146.576
2156.249
2165.116
2172.701
2179.294
2188.030
2197.327
2204.904
2213.241
2222.691
2235.268
2249.131
2266.457
2280.438
2293.616
2305.634
2323.307
2330.922
2349.348
2362.177
2389.737
2415.131
2437.623
2458.676
2487.890
2526.146
2544.956
2609.045
2661.718
2744.318
2888.544
3272.267
4924.361
