1334.868
1359.005
1374.848
1376.770
1378.201
1381.157
1385.168
1389.553
1391.459
1393.974
1396.822
1398.584
1400.984
1405.817
1408.891
1412.146
1415.731
1418.708
1421.351
1427.549
1431.451
1436.536
1439.189
1442.485
1446.254
1452.506
1455.807
1459.193
1462.158
1466.108
1468.281
1471.211
1472.924
1474.452
1475.974
1478.304
1480.472
1483.865
1486.019
1488.031
1490.686
1492.556
1494.491
1497.503
1499.233
1501.854
1504.868
1507.356
1510.321
1513.822
1515.671
1516.978
1518.637
1520.117
1524.131
1527.229
1528.906
1531.440
1534.870
1537.827
1541.760
1545.244
1549.450
1553.886
1557.399
1561.190
1565.306
1569.696
1575.503
1579.033
1584.421
1586.618
1589.965
1593.945
1601.080
1609.867
1615.198
1620.267
1627.512
1632.017
1635.413
1640.651
1645.174
1654.831
1668.046
1690.526
1703.781
1720.547
1751.758
1764.811
1789.984
1851.275
1895.702
1986.269
