38.882
40.793
44.348
46.596
49.062
50.243
53.168
56.453
57.726
59.401
61.333
61.967
63.572
64.139
64.915
66.411
67.619
68.300
69.574
70.631
71.524
73.329
74.089
75.691
76.629
78.067
78.790
80.018
81.443
82.471
84.843
85.874
86.541
87.520
88.092
88.963
89.552
90.517
91.995
93.028
93.245
94.502
95.071
96.177
97.576
99.246
99.846
100.933
102.428
105.491
106.807
108.061
109.430
110.802
111.643
115.247
119.201
121.501
123.453
130.136
142.823
144.214
147.997
152.882
156.608
161.043
161.641
164.401
166.028
167.488
170.062
172.849
178.390
182.053
189.418
195.122
198.622
204.506
210.673
220.081
220.690
221.203
234.249
234.729
238.752
262.463
264.620
265.533
266.891
270.027
270.410
271.552
297.499
303.100
309.828
