283.791
335.791
395.529
465.752
516.456
594.769
649.608
701.258
745.435
777.551
808.994
832.157
856.971
875.212
899.367
924.016
943.630
975.335
993.405
1011.896
1037.916
1051.832
1070.307
1080.343
1096.145
1103.046
1115.126
1128.614
1146.450
1162.425
1189.035
1205.571
1220.277
1234.917
1246.009
1252.986
1270.583
1282.968
1292.143
1305.225
1316.742
1329.893
1338.132
1354.738
1367.672
1388.692
1409.756
1421.061
1443.637
1452.594
1473.463
1491.983
1503.598
1507.678
1515.198
1525.732
1558.676
1586.668
1605.451
1652.664
1719.632
1749.120
1794.684
1829.675
1853.468
1871.641
1896.890
1916.997
1946.953
1995.908
2023.442
2045.217
2077.669
2089.175
2106.787
2119.281
2131.988
2149.106
2193.044
2219.084
2234.236
2256.558
2299.439
2330.467
2340.115
2452.062
2583.512
2618.758
2658.959
2698.625
2949.667
3146.659
3187.398
3241.664
3299.547
