52.033
57.019
66.924
80.732
106.781
165.265
197.669
235.047
257.447
270.932
293.509
310.754
335.997
345.736
361.770
373.054
384.566
389.766
406.771
417.048
430.427
442.735
453.880
465.323
470.785
478.345
492.433
497.541
504.296
513.581
520.449
527.421
533.668
539.379
549.049
553.843
560.289
569.603
573.398
579.613
588.182
592.993
598.944
608.700
611.373
619.148
630.556
639.390
653.649
659.177
670.537
674.048
675.128
676.888
683.705
701.046
708.302
714.198
724.342
726.263
731.410
739.721
755.882
765.992
782.156
787.162
806.745
832.501
845.414
848.885
858.709
894.613
898.842
919.140
938.187
976.010
984.951
1002.522
1020.307
1036.527
1064.612
1120.223
1160.391
1171.077
1308.426
1336.803
1346.910
1475.388
1508.086
1522.293
1574.746
2076.825
2141.348
2191.939
2197.010
