40.471
44.141
47.967
50.000
53.111
54.900
56.322
58.975
60.853
62.443
65.321
67.478
69.161
70.890
73.269
74.857
76.685
78.302
80.362
82.027
82.625
83.607
84.359
86.035
87.632
89.068
90.986
92.135
93.134
93.882
95.219
98.375
99.469
100.038
100.679
101.063
101.586
102.155
102.490
103.248
104.252
105.214
106.659
108.671
114.755
118.544
120.270
121.470
121.878
123.300
129.224
130.720
133.611
136.057
139.472
140.840
144.325
148.485
149.207
151.563
152.311
155.344
157.080
158.546
159.713
161.262
162.608
163.549
163.976
165.681
167.260
167.831
169.194
170.726
171.737
173.055
173.684
174.926
179.622
180.901
185.619
187.763
201.682
213.101
215.693
216.402
223.386
225.431
230.534
233.315
238.564
240.277
251.769
273.783
277.464
