1286.671
1311.800
1327.510
1337.496
1338.934
1352.934
1359.049
1363.332
1371.126
1375.747
1379.782
1387.997
1395.534
1401.385
1406.074
1409.520
1413.280
1415.410
1420.333
1424.517
1429.757
1433.272
1437.138
1441.033
1444.901
1450.856
1453.527
1456.516
1458.454
1461.617
1465.547
1468.321
1470.588
1474.169
1478.358
1480.921
1485.056
1487.906
1490.048
1492.995
1497.228
1499.909
1502.595
1504.764
1506.436
1508.210
1510.792
1513.482
1516.166
1520.339
1524.546
1529.319
1534.427
1544.138
1548.794
1553.183
1560.425
1562.997
1567.039
1570.086
1573.256
1575.074
1577.044
1580.124
1583.956
1588.453
1591.061
1595.188
1601.667
1606.094
1608.869
1611.809
1615.627
1619.535
1627.952
1635.618
1641.491
1646.144
1653.195
1659.316
1664.398
1668.525
1672.819
1679.170
1682.418
1687.088
1693.922
1703.932
1711.817
1739.032
1758.931
1800.158
1840.871
1899.288
1952.455
