1648.298
1677.600
1704.132
1778.870
1821.468
1846.750
1883.064
1925.511
1938.941
1947.720
1955.748
1967.163
1978.427
1992.137
2008.255
2015.135
2024.401
2037.037
2049.577
2061.425
2073.442
2083.471
2088.013
2101.410
2112.848
2118.496
2129.178
2137.438
2143.323
2151.080
2156.151
2162.197
2168.621
2175.571
2184.741
2190.525
2196.608
2204.345
2208.101
2212.570
2217.420
2224.106
2230.235
2236.468
2243.962
2248.974
2254.579
2261.415
2266.716
2272.320
2279.422
2284.789
2290.258
2296.413
2305.898
2313.537
2320.840
2328.408
2335.077
2340.881
2349.520
2357.815
2365.556
2374.497
2382.558
2390.772
2398.683
2412.985
2423.816
2438.801
2454.663
2468.743
2481.427
2490.744
2499.224
2514.427
2530.734
2548.617
2565.645
2583.781
2602.526
2621.303
2644.775
2671.509
2693.546
2723.086
2753.943
2792.584
2840.994
2929.173
3043.825
3172.758
3339.154
3815.261
5602.718
