269.466
274.051
275.947
277.738
280.053
281.587
282.487
283.716
284.716
285.502
287.276
288.183
290.661
291.211
292.167
292.676
293.112
293.681
294.209
294.632
295.017
295.273
296.236
296.665
297.277
298.014
298.806
299.323
299.939
300.692
301.842
302.973
303.733
304.114
304.734
306.005
307.403
309.066
309.901
310.312
310.550
310.961
311.193
311.502
312.379
312.893
313.344
314.149
315.003
315.623
316.301
317.188
317.866
318.446
319.076
319.521
320.609
321.372
322.118
322.937
323.526
324.270
324.574
325.038
325.785
326.366
326.693
326.944
327.144
327.520
327.921
328.818
329.931
331.009
332.295
333.847
335.415
336.195
336.906
337.303
337.914
338.253
338.913
339.281
339.939
340.610
342.510
344.383
346.347
350.571
354.540
358.151
363.796
371.850
397.701
