386.988
467.183
523.250
551.986
584.179
628.979
640.033
656.687
681.007
698.055
719.117
737.772
755.386
778.417
791.299
810.728
831.277
855.278
878.203
891.266
908.470
928.782
951.740
959.389
969.215
981.774
1011.299
1029.408
1047.655
1060.928
1071.106
1086.246
1100.759
1119.651
1131.600
1159.049
1166.804
1177.510
1194.705
1211.212
1221.011
1237.835
1274.397
1290.656
1307.416
1331.948
1338.682
1356.131
1369.589
1381.232
1406.697
1449.316
1469.705
1494.159
1505.259
1531.738
1551.808
1578.941
1597.075
1646.372
1695.151
1701.558
1736.491
1760.669
1817.094
1837.840
1853.807
1877.396
1915.828
1954.623
2052.395
2118.353
2173.970
2258.359
2268.119
2274.285
2300.269
2348.112
2396.378
2459.665
2476.468
2489.240
2525.874
2579.004
2851.028
2896.755
2940.076
2947.342
2957.021
3024.608
3038.947
3329.593
3456.218
3639.116
