1387.166
1394.625
1400.194
1405.575
1410.565
1417.449
1419.316
1423.301
1426.273
1429.501
1432.397
1434.310
1439.095
1444.460
1447.184
1452.501
1454.461
1458.538
1463.561
1466.478
1473.245
1477.849
1482.266
1485.506
1487.734
1491.027
1495.215
1501.169
1507.035
1513.072
1518.052
1522.145
1525.926
1529.841
1532.863
1534.555
1538.531
1540.797
1543.375
1546.717
1548.791
1551.295
1554.844
1557.164
1559.770
1561.956
1564.560
1567.648
1570.524
1573.013
1574.566
1576.655
1579.171
1581.797
1586.266
1589.617
1593.519
1597.318
1602.109
1607.177
1610.617
1617.316
1624.226
1628.838
1633.667
1643.134
1651.969
1658.337
1662.516
1668.180
1672.872
1678.593
1686.030
1694.393
1704.904
1711.927
1718.722
1739.955
1755.628
1759.719
1775.028
1785.304
1794.135
1803.449
1819.011
1830.949
1844.619
1863.759
1895.603
1925.389
1983.039
2062.818
2086.666
2127.318
2190.814
