29.925
33.544
34.464
36.787
43.299
48.216
50.496
53.739
55.036
55.687
56.854
57.916
58.717
60.607
63.274
64.532
66.849
67.969
69.728
71.273
72.639
74.665
76.476
77.769
78.874
80.549
82.567
83.615
84.917
86.001
87.076
88.576
90.006
91.619
94.140
96.254
97.468
98.780
99.788
101.213
103.085
104.141
105.028
106.526
107.557
108.613
109.773
110.845
112.032
113.804
115.269
116.058
116.826
118.023
120.795
122.299
124.762
127.361
129.454
130.502
132.832
134.036
138.216
141.478
145.457
161.193
165.181
167.655
169.026
172.720
176.054
177.686
178.571
179.151
181.480
183.357
191.878
193.071
194.684
200.074
201.740
202.141
203.131
263.872
265.666
269.377
269.682
273.419
274.115
280.816
322.418
332.954
343.406
345.463
