1840.260
1852.546
1876.943
1887.545
1893.970
1905.670
1920.005
1931.043
1945.424
1954.547
1964.954
1973.996
1987.535
2000.709
2011.621
2022.976
2031.665
2041.098
2057.112
2073.805
2086.793
2101.597
2111.158
2120.200
2129.191
2139.310
2150.862
2158.541
2165.585
2175.543
2182.903
2195.773
2200.942
2205.354
2213.550
2219.408
2232.767
2240.140
2249.830
2259.835
2266.439
2274.507
2283.189
2289.615
2307.133
2320.582
2329.822
2339.561
2347.009
2359.294
2375.756
2393.091
2406.199
2417.577
2429.718
2439.208
2448.321
2461.463
2475.817
2490.752
2501.525
2515.134
2525.897
2541.916
2554.609
2571.244
2578.101
2584.894
2592.829
2602.867
2618.519
2633.843
2645.542
2653.038
2668.370
2680.933
2699.117
2714.862
2729.825
2745.866
2771.103
2791.579
2814.335
2845.673
2869.151
2903.184
2942.616
2999.888
3058.410
3134.119
3234.534
3396.128
3709.146
4129.812
5684.819
