407.103
430.669
447.399
462.742
484.251
507.641
521.534
537.884
571.455
600.613
621.668
638.005
654.127
669.276
683.161
711.117
738.294
764.875
774.768
787.924
797.106
812.726
822.186
850.729
876.356
889.019
910.782
923.024
943.891
962.203
988.759
1002.407
1025.772
1034.544
1045.810
1057.780
1068.950
1093.718
1113.096
1131.050
1165.244
1203.305
1221.326
1240.265
1251.838
1263.585
1269.989
1285.185
1301.623
1315.499
1350.799
1370.589
1375.457
1398.454
1404.752
1410.008
1430.394
1451.043
1460.551
1476.633
1507.119
1523.594
1554.309
1586.594
1619.535
1727.080
1853.482
1929.053
2064.906
2116.793
2181.995
2200.954
2246.965
2278.951
2312.474
2330.089
2411.320
2429.985
2502.274
2510.268
2514.707
2562.725
2647.716
2668.297
2690.336
2697.902
2702.871
2752.169
2790.140
2860.399
2872.322
3368.660
3424.657
3445.918
