266.580
270.163
272.284
274.273
274.811
276.918
278.186
280.117
281.705
283.182
284.760
286.614
288.161
288.944
291.254
292.624
293.787
295.147
296.139
297.871
298.860
300.070
300.927
301.353
302.843
303.446
303.922
304.354
305.351
306.619
307.217
308.229
309.010
309.581
310.253
311.681
312.265
313.218
313.866
314.559
315.024
315.525
316.096
317.073
318.378
319.189
320.051
320.698
321.300
321.713
322.317
322.832
323.159
323.629
324.132
324.573
325.177
325.614
326.213
327.055
327.908
328.628
329.472
330.376
331.138
331.553
332.362
332.957
333.405
333.971
335.078
335.930
336.660
337.511
338.355
339.760
341.196
342.242
343.171
343.758
344.358
344.915
346.089
347.093
348.043
349.184
350.297
351.397
352.238
353.415
355.125
357.912
361.790
367.322
374.993
