233.893
247.739
253.230
258.947
275.211
285.384
292.647
298.294
306.410
318.437
323.849
328.115
334.363
349.090
363.536
377.602
387.056
390.913
400.263
407.482
415.077
428.794
439.465
455.037
465.311
469.702
479.882
484.550
493.737
501.739
507.370
512.773
519.551
524.971
530.942
538.696
541.971
546.252
551.286
554.428
560.366
576.461
593.652
600.879
606.210
615.207
622.649
628.415
652.759
663.021
673.271
685.347
690.795
698.763
706.107
709.569
725.669
734.311
755.759
770.864
788.487
792.321
808.454
815.210
826.237
845.636
861.598
870.651
873.636
884.116
931.731
950.023
965.666
969.880
997.678
999.928
1022.397
1039.097
1062.318
1083.431
1097.602
1108.384
1115.702
1124.744
1129.401
1141.078
1152.559
1161.157
1166.910
1319.973
1514.568
1527.902
1560.073
1563.254
