1745.012
1757.072
1765.273
1768.941
1771.318
1775.658
1780.399
1784.913
1790.742
1796.382
1802.448
1808.610
1814.381
1821.930
1826.221
1829.624
1834.350
1839.514
1849.503
1859.473
1869.952
1877.026
1885.333
1893.575
1899.389
1908.802
1918.739
1928.888
1937.185
1944.873
1953.792
1960.233
1969.929
1979.926
1995.432
2001.636
2010.708
2018.345
2028.737
2036.676
2044.366
2051.623
2061.190
2070.198
2076.278
2085.319
2091.093
2100.253
2109.922
2119.058
2127.661
2133.100
2142.893
2148.539
2157.453
2172.573
2185.574
2190.819
2198.614
2204.885
2219.374
2223.344
2233.734
2247.381
2255.687
2263.450
2274.091
2286.034
2308.593
2323.246
2331.793
2348.252
2356.542
2371.872
2393.425
2403.445
2423.188
2439.035
2465.593
2484.453
2496.048
2513.002
2531.398
2555.417
2578.583
2605.259
2634.212
2694.914
2776.452
2926.760
3095.238
3432.871
3605.324
5022.007
5648.906
