154.985
168.412
196.270
202.524
217.287
227.941
235.893
254.320
268.068
295.175
305.437
315.024
322.686
340.165
347.902
354.939
362.878
372.787
384.448
392.197
396.550
403.111
407.604
412.701
418.762
426.328
438.646
446.598
455.571
462.328
472.700
479.857
486.428
501.297
511.821
528.617
538.374
548.493
558.098
572.454
575.860
583.647
589.634
594.788
607.770
614.694
629.074
644.562
651.989
660.212
666.276
670.778
682.533
684.868
688.452
694.741
701.133
703.100
704.830
707.759
713.795
720.542
740.105
744.958
764.996
773.730
805.119
813.291
831.520
833.364
837.667
848.347
859.086
864.875
885.426
890.991
906.987
928.185
935.134
939.662
963.521
1009.536
1037.644
1050.843
1107.072
1170.651
1256.087
1275.319
1300.314
1364.154
1644.843
1659.963
1685.424
1734.174
