342.029
370.217
395.173
414.489
441.944
460.375
482.701
506.991
539.260
573.042
597.346
619.862
635.214
651.081
664.723
681.701
701.612
718.655
731.550
746.371
759.331
769.282
783.663
824.927
843.155
867.179
879.538
893.311
919.015
926.248
947.763
954.740
971.217
991.795
1009.068
1030.782
1048.076
1059.930
1071.135
1100.419
1113.121
1133.399
1157.037
1178.493
1192.237
1206.405
1213.230
1231.619
1255.285
1264.990
1272.777
1293.522
1316.227
1345.524
1398.294
1447.829
1459.159
1536.537
1566.078
1593.540
1597.716
1611.453
1621.744
1639.935
1674.234
1693.619
1723.618
1800.943
1835.397
1854.228
1881.758
1903.864
1971.332
1975.894
1983.602
2019.009
2046.415
2179.171
2223.389
2267.191
2272.112
2282.733
2297.052
2373.301
2390.723
2460.622
2504.744
2544.441
2703.654
2719.363
2810.334
3160.287
3302.184
3434.412
