38.211
41.697
43.358
45.981
48.107
49.156
50.493
52.152
54.044
55.682
57.496
58.721
59.210
60.492
62.004
63.847
64.644
66.367
67.390
68.446
69.417
71.891
72.564
73.537
74.807
75.768
77.181
78.889
80.009
81.417
82.566
83.630
85.882
86.889
88.320
89.066
89.884
90.759
91.456
92.292
94.245
95.480
97.362
99.193
103.575
105.534
106.991
110.377
111.769
112.965
113.316
115.067
117.287
121.138
124.037
125.545
134.516
134.992
137.763
140.436
151.106
152.603
155.210
157.962
161.803
162.860
169.247
170.016
170.640
173.529
175.134
175.408
175.577
175.837
178.018
182.435
187.624
194.661
198.192
206.276
207.371
220.506
225.657
226.965
231.020
237.007
238.069
239.830
246.508
250.693
253.489
334.962
344.010
347.476
