248.319
264.203
274.834
276.711
277.354
277.628
277.912
278.065
278.181
279.173
279.530
280.056
280.480
280.898
282.491
282.843
283.213
283.999
284.420
284.750
285.082
285.554
285.947
286.230
286.653
287.041
287.205
287.357
287.436
287.659
287.808
288.054
288.326
288.579
288.788
289.041
289.272
289.415
289.555
289.697
289.825
290.023
290.270
290.420
290.739
291.176
291.374
291.531
291.697
291.903
292.090
292.467
292.948
294.063
294.197
294.386
294.798
295.199
295.610
296.676
296.973
297.205
297.452
297.713
297.923
298.142
298.584
298.791
299.083
299.552
300.298
300.851
301.422
301.646
301.844
302.359
303.216
303.505
303.766
304.342
304.890
305.431
306.538
307.815
310.016
311.121
312.604
317.671
329.461
345.589
360.120
371.896
385.754
389.946
