1350.749
1369.988
1380.635
1389.986
1400.779
1408.966
1413.030
1425.910
1429.426
1437.409
1439.244
1440.902
1445.194
1450.189
1454.266
1460.596
1465.464
1470.125
1472.830
1475.653
1478.206
1481.153
1484.123
1487.022
1489.796
1491.219
1494.354
1496.749
1499.513
1501.444
1502.679
1504.671
1507.733
1510.027
1512.753
1515.888
1517.875
1521.212
1523.836
1524.988
1527.254
1529.244
1531.237
1533.340
1536.672
1540.567
1543.710
1545.607
1547.633
1551.108
1556.027
1557.664
1559.373
1562.306
1564.165
1565.489
1568.256
1571.379
1574.039
1577.960
1581.081
1584.337
1586.620
1590.136
1594.318
1598.545
1603.247
1607.993
1614.164
1616.875
1620.611
1627.188
1631.132
1636.575
1640.315
1646.589
1655.295
1661.824
1671.635
1677.442
1683.194
1686.438
1691.104
1695.951
1700.122
1709.032
1717.754
1725.352
1742.748
1756.248
1786.920
1803.788
1821.744
1878.764
