235.273
238.045
243.227
243.555
243.924
246.452
247.805
249.990
254.121
254.713
256.198
256.666
257.564
258.111
258.641
260.425
261.738
262.489
263.319
265.432
266.153
267.201
267.684
268.215
270.974
274.836
275.123
275.976
277.086
277.321
277.439
277.568
277.773
277.989
278.234
278.734
278.976
279.229
279.417
279.586
279.753
280.503
281.882
282.250
282.489
282.874
283.306
284.498
284.822
284.952
285.144
285.276
285.411
285.589
285.693
285.869
286.045
286.279
286.431
286.792
287.183
287.692
288.672
289.240
290.746
291.834
294.604
296.755
299.463
300.486
303.316
314.022
317.737
321.295
323.847
324.966
326.045
326.382
326.889
327.871
328.539
329.036
330.322
331.599
333.471
336.204
339.120
343.562
349.385
350.724
351.397
353.033
354.360
371.925
388.635
