1738.373
1749.778
1756.715
1762.341
1768.875
1774.538
1779.119
1786.378
1796.697
1799.330
1806.551
1809.470
1812.942
1816.728
1820.885
1828.030
1833.562
1838.456
1844.164
1847.033
1850.403
1854.721
1857.532
1860.922
1862.580
1865.069
1867.485
1870.651
1874.096
1877.072
1879.261
1885.010
1890.621
1896.734
1906.653
1916.036
1922.260
1933.437
1937.301
1944.738
1951.621
1961.257
1970.816
1981.385
1988.504
1999.555
2006.086
2012.924
2020.600
2026.690
2040.592
2049.727
2057.545
2064.155
2069.783
2077.536
2086.327
2093.568
2103.378
2108.436
2115.814
2120.293
2126.161
2136.316
2157.990
2171.242
2179.483
2191.384
2209.182
2226.651
2241.241
2254.250
2284.670
2296.860
2306.917
2331.630
2362.398
2410.136
2426.600
2448.652
2465.564
2477.566
2489.697
2537.066
2583.924
2714.655
2809.647
2900.050
3119.839
3397.259
3554.170
4882.922
5284.697
8500.705
