267.038
276.388
285.814
302.301
313.789
318.179
322.142
327.780
334.975
339.670
347.892
355.073
360.289
367.767
374.009
380.909
388.500
401.188
414.794
431.421
438.829
444.330
449.929
456.870
461.314
468.117
472.042
481.340
495.147
499.931
506.764
513.463
522.399
532.839
537.922
545.517
547.215
549.328
552.757
560.326
572.298
580.694
590.825
594.890
597.879
606.777
611.970
618.826
622.439
624.295
626.940
630.392
634.572
641.453
652.544
658.364
662.525
669.376
676.599
684.830
692.167
699.355
710.585
716.721
719.855
732.135
743.456
749.467
759.557
775.975
783.072
794.550
819.092
836.609
841.129
850.012
864.021
875.821
895.017
901.011
916.532
924.211
943.622
962.789
969.889
1031.964
1040.765
1048.585
1052.676
1076.162
1082.627
1103.251
1384.389
1401.251
1444.773
