43.591
46.634
48.744
51.716
53.234
54.615
56.200
56.955
58.995
59.975
62.515
65.656
68.480
70.145
71.744
73.368
74.856
76.177
78.205
79.669
81.806
84.887
87.367
88.416
89.317
90.660
91.230
91.526
93.412
95.587
98.180
100.031
102.689
104.422
106.313
108.546
109.631
111.184
111.646
112.092
112.660
113.727
115.220
117.074
118.043
119.048
119.594
119.801
121.085
121.610
122.607
123.100
124.247
125.749
127.217
130.140
131.845
132.824
135.307
137.413
139.534
142.811
145.013
146.368
146.743
149.910
150.112
151.023
151.833
155.991
156.962
158.291
159.357
161.524
163.747
169.926
172.210
178.026
178.510
181.071
186.159
189.126
195.132
198.483
198.837
200.374
210.369
241.746
255.468
258.932
260.251
266.101
324.020
325.464
327.107
