520.984
534.782
555.504
582.846
609.859
620.498
631.965
641.222
657.940
682.703
698.853
705.861
714.498
723.624
738.604
750.955
765.189
781.606
793.275
803.873
817.031
827.934
841.371
851.253
859.588
868.489
878.696
890.364
906.741
910.865
925.849
939.239
952.240
964.351
979.956
987.713
996.492
1010.690
1018.751
1021.784
1044.976
1069.234
1080.583
1089.931
1105.323
1113.748
1123.407
1137.089
1153.040
1160.374
1165.962
1181.707
1200.423
1219.104
1253.820
1278.509
1303.393
1307.822
1343.225
1359.942
1389.249
1454.016
1458.606
1475.865
1484.395
1489.766
1505.331
1531.176
1552.078
1566.073
1579.763
1628.573
1647.190
1669.250
1747.571
1767.384
1777.342
1849.978
1926.484
2094.025
2102.901
2131.605
2212.905
2240.395
2241.239
2307.206
2365.483
2433.088
2453.243
2493.951
2529.563
3047.006
3150.490
3153.656
