1342.307
1348.580
1351.847
1354.480
1356.603
1358.283
1359.873
1360.897
1362.425
1363.653
1364.314
1365.581
1366.356
1367.281
1369.743
1370.898
1371.745
1373.161
1374.718
1376.018
1378.835
1380.469
1381.391
1383.637
1385.234
1386.459
1387.773
1389.102
1391.303
1395.093
1397.739
1399.954
1403.838
1406.067
1407.683
1408.507
1411.439
1415.763
1420.060
1422.741
1425.855
1428.382
1430.794
1433.993
1437.364
1440.789
1441.939
1444.218
1445.623
1447.729
1449.411
1452.130
1453.647
1454.427
1455.876
1457.349
1459.250
1460.616
1461.718
1462.849
1464.040
1465.126
1467.104
1469.410
1470.673
1471.495
1472.543
1473.955
1474.818
1475.855
1476.775
1477.880
1479.535
1480.900
1482.908
1484.092
1485.819
1486.987
1488.421
1490.340
1491.944
1494.263
1497.347
1499.330
1502.870
1504.863
1506.574
1508.848
1510.954
1514.313
1521.660
1528.736
1540.200
1564.489
