1589.227
1615.939
1638.757
1663.349
1682.267
1704.557
1732.968
1752.370
1763.610
1768.439
1774.829
1782.009
1788.493
1800.093
1809.479
1817.843
1821.597
1826.018
1830.260
1835.583
1837.471
1839.073
1840.286
1841.223
1842.466
1843.722
1845.115
1846.485
1848.188
1849.599
1851.824
1855.070
1857.530
1859.257
1861.282
1863.153
1865.549
1867.320
1870.700
1873.478
1876.981
1881.388
1884.808
1887.734
1893.585
1900.841
1905.641
1910.321
1913.322
1916.576
1919.339
1923.922
1930.047
1937.451
1951.047
1957.482
1962.361
1967.110
1970.129
1974.073
1980.212
1988.134
1994.937
1998.563
2001.989
2009.701
2015.868
2022.189
2026.098
2030.306
2035.775
2040.319
2049.828
2060.365
2070.678
2088.783
2099.139
2109.604
2114.374
2119.176
2126.656
2140.547
2162.889
2184.039
2198.839
2219.568
2240.416
2260.388
2296.317
2321.407
2388.016
2553.918
2787.388
4809.332
