39.184
41.855
44.176
47.317
48.959
50.058
51.421
53.598
55.013
56.700
58.175
59.123
60.360
61.841
62.130
63.445
64.505
65.348
66.577
67.566
69.131
70.164
71.781
72.792
73.712
74.738
75.322
76.267
77.433
78.669
79.189
80.331
81.035
81.832
82.785
84.837
86.598
87.575
89.532
91.135
94.032
96.140
98.857
99.991
101.346
104.024
105.618
107.908
111.028
113.265
115.393
116.784
117.988
120.185
122.501
124.005
125.333
126.636
129.899
133.588
139.165
148.827
149.828
150.979
152.655
154.467
155.525
159.884
163.437
164.472
165.644
168.911
170.084
172.417
176.618
181.269
183.851
191.841
195.913
199.171
204.786
211.424
229.473
235.927
236.400
237.482
239.365
240.535
271.599
276.881
277.652
279.952
283.747
284.185
285.182
