269.573
271.420
272.881
273.504
273.952
274.879
276.234
276.599
277.200
277.494
277.780
278.345
278.701
279.009
279.280
279.688
280.059
280.251
280.481
280.677
280.792
280.886
281.045
281.161
281.301
281.384
281.550
281.679
281.858
282.091
282.589
282.888
283.151
283.447
283.775
284.384
285.189
285.821
286.471
286.731
287.049
287.289
287.564
287.925
288.317
288.625
289.044
289.323
289.866
290.192
290.384
290.598
291.049
291.398
291.612
291.795
292.280
293.157
293.492
293.727
294.417
294.891
295.208
295.739
296.343
296.710
297.044
297.196
297.957
298.197
298.420
298.629
298.723
298.954
299.268
299.486
299.811
300.113
300.420
300.739
301.054
301.432
302.727
303.424
304.176
305.559
305.895
306.240
306.759
307.483
309.302
315.868
327.554
355.148
