343.586
383.200
406.942
431.335
460.634
487.021
502.327
519.970
534.443
551.824
567.961
576.490
587.887
600.449
610.851
625.056
639.248
649.340
659.955
672.098
682.680
693.346
703.261
712.518
720.200
733.140
751.907
767.023
786.504
809.885
827.219
833.174
844.722
852.716
861.701
872.820
888.002
914.488
942.169
950.185
963.935
982.688
1001.712
1019.024
1034.016
1057.966
1077.688
1105.150
1118.619
1150.345
1199.352
1248.469
1277.551
1295.619
1317.864
1359.004
1387.660
1403.270
1468.801
1527.150
1570.422
1589.166
1642.055
1688.367
1726.973
1741.807
1750.179
1769.408
1775.701
1791.499
1837.418
1872.432
1911.027
1945.447
1982.100
1990.132
2003.071
2069.896
2118.857
2176.826
2201.434
2234.493
2264.550
2274.991
2343.582
2399.265
2475.783
2538.506
2554.121
2709.489
2759.592
2796.547
2897.816
2922.810
2993.204
