1284.341
1292.096
1296.565
1302.094
1306.266
1308.084
1310.784
1313.491
1315.180
1316.981
1318.345
1320.312
1323.201
1324.594
1326.065
1329.067
1330.339
1332.044
1333.393
1336.249
1338.070
1338.938
1340.220
1341.022
1341.732
1342.341
1343.343
1345.489
1347.798
1349.995
1351.449
1353.805
1356.424
1359.695
1361.070
1364.332
1368.060
1370.073
1371.458
1375.580
1378.129
1380.548
1381.914
1388.316
1390.464
1401.172
1404.411
1416.352
1422.474
1428.777
1438.382
1458.736
1467.039
1472.890
1477.851
1484.069
1489.016
1492.999
1494.505
1504.437
1509.842
1514.370
1519.960
1522.545
1527.916
1530.400
1532.977
1535.838
1538.363
1541.387
1545.280
1547.937
1551.068
1552.833
1556.520
1559.129
1563.842
1566.892
1569.097
1572.337
1575.458
1577.913
1580.665
1583.201
1589.090
1591.728
1596.324
1599.375
1605.938
1608.912
1615.287
1623.740
1633.032
1636.966
