224.969
239.012
247.226
252.177
264.428
275.705
285.241
293.143
305.922
316.256
324.402
329.152
336.060
345.132
357.211
366.961
374.887
380.179
385.796
397.232
408.168
417.460
425.088
431.417
437.603
450.092
456.468
469.430
477.397
484.946
493.836
497.467
513.682
521.170
529.799
538.075
544.362
550.677
561.185
571.970
580.358
589.043
596.237
597.695
604.500
607.751
611.873
612.559
615.879
623.845
626.808
634.419
640.204
650.293
656.054
664.073
669.402
681.342
697.313
713.494
717.349
725.896
729.333
732.711
735.678
737.195
745.611
749.768
750.826
760.847
778.216
800.432
811.172
828.141
853.995
868.095
873.835
906.015
926.292
936.266
956.205
966.190
971.966
985.948
991.548
1017.566
1063.935
1075.047
1082.487
1158.556
1183.991
1361.656
1390.272
1418.777
