36.906
40.570
42.428
43.992
46.577
49.389
52.228
53.880
56.210
57.940
59.300
59.864
63.683
66.575
70.455
71.748
72.905
74.697
76.609
76.946
78.707
80.086
81.382
81.817
82.760
83.535
84.101
85.361
86.008
87.825
89.620
90.623
93.504
95.583
96.816
101.477
103.544
106.053
106.459
107.018
107.919
108.334
109.719
111.714
113.479
114.484
116.928
118.124
121.091
124.561
127.732
129.778
131.952
132.558
134.014
135.671
136.233
139.040
143.400
146.567
149.139
151.108
155.837
159.095
165.987
174.221
180.812
185.866
187.319
193.158
195.549
202.024
203.420
208.941
210.996
220.008
220.775
226.061
230.102
230.999
235.137
238.094
239.351
244.802
250.499
256.622
258.428
260.198
263.202
286.589
314.457
323.934
361.250
362.681
