1816.714
1836.985
1861.538
1877.135
1889.748
1902.571
1914.889
1934.694
1946.790
1959.706
1976.302
1984.997
1994.195
2013.059
2022.009
2033.084
2044.762
2051.215
2057.560
2062.345
2068.323
2075.739
2083.189
2089.964
2098.828
2107.233
2113.787
2120.484
2127.474
2134.450
2144.537
2153.494
2159.948
2168.214
2182.933
2188.193
2194.011
2200.341
2205.241
2213.523
2222.991
2230.855
2240.362
2250.239
2258.088
2265.471
2275.744
2286.506
2294.846
2302.507
2309.649
2318.645
2325.770
2333.922
2339.605
2347.277
2357.266
2366.165
2376.314
2387.261
2396.031
2406.166
2418.939
2433.360
2444.287
2458.993
2471.974
2478.170
2489.304
2499.174
2515.553
2539.468
2557.680
2574.901
2593.771
2614.073
2628.316
2645.700
2662.983
2697.663
2725.929
2766.493
2804.466
2855.079
2945.807
3076.879
3188.336
3316.183
3419.426
3670.028
3961.391
5127.036
5642.270
8767.398
