263.327
266.953
269.110
271.379
271.738
272.243
274.070
275.213
277.238
278.632
280.710
283.025
284.786
286.680
288.083
288.912
289.822
290.316
291.273
292.123
292.836
293.816
295.359
296.801
299.052
300.930
301.786
302.634
303.428
304.375
304.813
305.263
306.079
307.086
307.747
308.950
309.508
311.212
312.388
313.218
314.210
314.932
316.211
317.709
319.552
320.987
322.272
323.083
323.889
324.440
325.484
326.499
327.424
328.600
331.235
333.423
334.979
336.276
337.033
337.617
338.134
338.710
339.067
339.485
339.810
340.535
341.187
342.259
343.256
344.694
345.900
346.695
347.389
347.740
348.336
348.916
350.556
351.920
352.475
353.411
354.550
356.721
358.142
359.418
361.483
363.448
366.008
367.665
368.755
370.022
371.668
373.926
377.862
384.199
390.700
