374.926
392.362
422.175
441.680
474.128
506.037
564.604
603.339
653.695
709.331
726.566
784.953
811.746
822.035
842.881
851.809
856.615
865.761
881.435
904.714
918.362
924.357
929.384
936.988
947.447
964.095
972.673
983.517
993.106
1003.427
1023.137
1031.953
1048.448
1057.565
1067.349
1087.829
1097.392
1121.129
1127.959
1146.518
1162.978
1165.362
1172.607
1183.108
1197.490
1212.468
1229.992
1233.979
1244.134
1258.039
1263.537
1293.441
1314.274
1372.729
1414.161
1422.373
1433.975
1448.936
1465.669
1502.740
1512.105
1547.028
1562.394
1589.473
1621.325
1623.559
1639.716
1664.555
1685.229
1689.691
1710.664
1773.486
1795.894
1826.878
1875.163
1920.941
1923.581
1944.804
1986.864
2062.413
2081.167
2089.709
2110.052
2129.116
2165.404
2204.974
2211.874
2277.943
2919.487
2932.467
3002.307
3233.583
3311.198
3403.728
