244.286
254.240
269.902
279.464
287.348
293.269
301.762
307.119
317.798
327.990
338.512
348.362
355.440
362.377
376.037
386.720
395.647
403.128
410.792
427.177
435.913
447.516
457.478
461.826
470.223
478.671
484.305
494.991
507.434
514.730
523.358
528.109
532.790
539.184
543.392
548.501
556.419
560.365
566.551
570.689
580.462
591.775
601.187
608.118
613.581
617.943
629.478
647.380
653.614
664.686
670.074
683.905
691.163
703.203
713.747
719.897
733.298
740.905
750.360
756.148
767.078
789.729
802.699
816.518
827.561
830.967
866.198
873.878
883.120
932.588
969.376
977.008
1059.831
1068.397
1097.865
1129.301
1140.732
1148.235
1165.575
1172.868
1209.465
1232.065
1304.554
1328.774
1330.979
1348.962
1361.692
1367.603
1392.543
1449.826
1662.398
1896.651
2004.364
2186.426
