1376.212
1392.299
1400.106
1405.958
1411.859
1415.039
1417.661
1422.011
1425.581
1430.089
1434.288
1437.106
1439.361
1442.150
1445.857
1449.328
1451.743
1454.251
1456.258
1457.719
1460.360
1464.301
1466.304
1468.359
1470.985
1473.796
1476.953
1479.682
1482.090
1484.583
1486.924
1488.426
1490.150
1492.667
1494.953
1497.240
1499.034
1501.972
1504.978
1506.987
1509.985
1513.116
1515.783
1517.402
1519.897
1523.089
1526.144
1528.628
1529.980
1534.736
1537.879
1541.932
1545.865
1548.274
1550.670
1554.290
1557.296
1560.188
1563.653
1571.252
1574.530
1577.287
1579.656
1583.016
1588.194
1592.816
1596.970
1601.919
1603.952
1608.571
1611.490
1617.889
1620.907
1625.235
1631.069
1634.695
1637.886
1643.862
1651.350
1655.182
1659.860
1665.853
1677.848
1684.902
1692.905
1702.935
1709.844
1719.313
1727.658
1738.163
1758.295
1776.542
1791.961
1815.785
1829.760
